1	1000	0.004	0.004	300.0	1	8	10000	3.023283994135749	59.86570170076344	20000.0	2.551772919448383	10000.0	3.4947950688231497	10000.0	min_values	0.9285714285714286	0.9285714285714286	0.9285714285714286	data_size	181.04129357017132	152.1718776621643	209.9107094781753	variance	1.052288328686056	0.9247596623843372	1.1798169949877804	variance2	1.2084465542710845	0.41213892920713124	1.5601087922293158	min_time_thr	4.08800420113583E-4	4.08800420113583E-4	2.3959111919488393E-4	19249.046439095062
1	1000	0.006	0.006	300.0	1	8	10000	1.8084226531165808	59.86570170076331	20000.0	1.5426818667299824	10000.0	2.0741634395032023	10000.0	min_values	0.1111111111111111	0.1111111111111111	0.11764705882352941	data_size	108.26046574087597	91.37757744126132	125.14335404049156	variance	0.6420453288816218	0.5587845537511629	0.7253061040120854	variance2	0.5357589133854185	0.43588596870404556	0.49439552696803996	min_time_thr	1.1115820754028976E-4	1.9279032844712077E-4	1.1769692563089504E-4	12832.855004593968
1	1000	0.006	0.006	300.0	1	8	10000	1.8750280552368108	59.86570170076331	20000.0	1.5719859370321336	10000.0	2.17807017344148	10000.0	min_values	0.15384615384615385	0.15384615384615385	0.2	data_size	112.07287674907339	93.26782716986631	130.87792632827984	variance	0.5868756804586434	0.4803374244959413	0.6934139364213443	variance2	0.4335749205098217	0.14510907787048397	0.5383717123372126	min_time_thr	2.8080811841975963E-4	2.8080811841975963E-4	3.6505055394568756E-4	12832.855004593968
1	1000	0.006	0.006	300.0	1	8	10000	2.2651587061144283	59.86570170076331	20000.0	2.036608548980548	10000.0	2.4937088632483397	10000.0	min_values	1.1304347826086956	1.1304347826086956	1.1304347826086956	data_size	135.67580332539634	121.2315988393326	150.12000781146182	variance	0.8290468902132421	0.8189645284626506	0.8391292519638277	variance2	0.2918858760085111	0.10016004160353115	0.37914136176163454	min_time_thr	9.588598977698349E-4	6.114936120095083E-4	9.588598977698349E-4	12832.855004593968
1	1000	0.006	0.006	300.0	1	8	10000	1.8775804712665125	59.86570170076331	20000.0	1.535379965567471	10000.0	2.219780976965593	10000.0	min_values	0.07142857142857142	0.07142857142857142	0.07142857142857142	data_size	112.60049742201026	91.35129462490973	133.84970021910988	variance	0.6541946841220004	0.5391121360575657	0.7692772321864427	variance2	0.5686280813563548	0.3813928199147264	0.5216609705965924	min_time_thr	3.6938215083312364E-5	3.6938215083312364E-5	6.392642443644808E-5	12832.855004593968
1	1000	0.006	0.006	300.0	1	8	10000	2.1211127189899925	59.86570170076331	20000.0	1.89092245544499	10000.0	2.351302982535026	10000.0	min_values	0.18181818181818182	0.18181818181818182	0.18181818181818182	data_size	127.00990881157969	112.35932824136704	141.6604893817928	variance	0.7654263608399086	0.7269470942711765	0.8039056274086325	variance2	0.33456658238316583	0.14465891917491627	0.41849913072955913	min_time_thr	9.791890546171497E-4	9.791890546171497E-4	2.0144187217255432E-4	12832.855004593968
1	1000	0.006	0.006	300.0	1	8	10000	2.3928961992022493	59.86570170076331	20000.0	2.18479561024968	10000.0	2.6009967881548306	10000.0	min_values	1.3	1.3	1.3	data_size	143.16125456091902	129.93273881659542	156.38977030524242	variance	0.8663105509203238	0.8587930849809386	0.8738280168597093	variance2	0.2965763436960998	0.12703348443718254	0.379507492710194	min_time_thr	6.739416247611181E-4	6.739416247611181E-4	6.739416247611181E-4	12832.855004593968
1	1000	0.006	0.006	300.0	1	8	10000	2.518647619620424	59.86570170076331	20000.0	2.3159301811586577	10000.0	2.7213650580821676	10000.0	min_values	1.04	1.04	1.04	data_size	150.6581166962011	137.69008716290696	163.62614622949553	variance	0.8223799402471024	0.775010870934577	0.869749009559606	variance2	0.33765129374288244	0.20812684845490503	0.3849870193178597	min_time_thr	0.0017600518574657584	0.0017600518574657584	0.0017600518574657584	12832.855004593968
1	1000	0.006	0.006	300.0	1	8	10000	2.032777040561584	59.86570170076331	20000.0	1.6988421735808747	10000.0	2.3667119075422822	10000.0	min_values	0.13333333333333333	0.13333333333333333	0.13333333333333333	data_size	121.9043141880422	101.4208599913329	142.3877683847518	variance	0.7073003837646964	0.6420333053606603	0.7725674621687149	variance2	0.6354975644155145	0.45117219469855024	0.5967979433616345	min_time_thr	4.886856514923304E-4	4.886856514923304E-4	4.886856514923304E-4	12832.855004593968
1	1000	0.006	0.006	300.0	1	8	10000	3.0155979416557295	59.86570170076331	20000.0	2.831197149287101	10000.0	3.199998734024378	10000.0	min_values	1.1304347826086956	1.1304347826086956	1.1304347826086956	data_size	180.80796338737804	168.74232011842994	192.8736066563259	variance	0.9937593113770112	0.9530065343351667	1.0345120884188252	variance2	0.649983983764093	0.6164436304895731	0.6155170325862503	min_time_thr	8.9568421951917E-4	8.9568421951917E-4	0.0012533307811912388	12832.855004593968
1	1000	0.006	0.006	300.0	1	8	10000	2.891838730804	59.86570170076331	20000.0	2.719565237876197	10000.0	3.0641122237317786	10000.0	min_values	1.0	1.0	1.0	data_size	173.0282541673418	161.6863287700158	184.37017956466855	variance	0.9586901821665097	0.9203856524252689	0.9969947119077315	variance2	0.4364965344759842	0.3727534984274268	0.4408832577934562	min_time_thr	8.385251361703765E-4	8.385251361703765E-4	8.385251361703765E-4	12832.855004593968
1	1000	0.006	0.006	300.0	1	8	10000	4.774891249837051	59.86570170076331	20000.0	4.69755626210624	10000.0	4.852226237567963	10000.0	min_values	2.3636363636363638	2.3636363636363638	2.3636363636363638	data_size	285.5696431524393	279.60487390585143	291.53441239903105	variance	1.3979447206653446	1.3630464650483185	1.4328429762824526	variance2	0.7181229862990206	0.665205184682849	0.7590793872605208	min_time_thr	0.009635005752604096	0.009635005752604096	0.005151994892018948	12832.855004593968
1	1000	0.006	0.006	300.0	1	8	10000	4.891270532562398	59.86570170076331	20000.0	4.811772887549899	10000.0	4.970768177575108	10000.0	min_values	2.0	2.0	2.0	data_size	293.0044702165414	286.8162241671743	299.19271626591103	variance	1.4839603675749102	1.4683101015845432	1.499610633565339	variance2	0.868248909288939	0.8748357895879965	0.84902227786478	min_time_thr	0.007140945257474933	0.007140945257474933	0.007140945257474933	12832.855004593968
1	1000	0.006	0.006	300.0	1	8	10000	4.64215562389599	59.86570170076331	20000.0	4.561991289690657	10000.0	4.722319958101402	10000.0	min_values	2.1666666666666665	2.1666666666666665	2.1666666666666665	data_size	277.89751820034445	271.08716303789663	284.7078733627989	variance	1.4834654986605833	1.4743507210756779	1.4925802762455431	variance2	1.2329249936447322	1.2163579962739033	1.2366393500583786	min_time_thr	0.0016342257226287927	0.0030602504786612543	0.0016342257226287927	12832.855004593968
1	1000	0.006	0.006	300.0	1	8	10000	5.024039416353042	59.86570170076331	20000.0	4.969372994153715	10000.0	5.0787058385525405	10000.0	min_values	2.6	2.6	2.6	data_size	300.58500294052305	295.6552525006304	305.514753380413	variance	1.4749469275181157	1.442742829095704	1.5071510259406429	variance2	0.6927044742025923	0.6827703833632963	0.6966617296097198	min_time_thr	0.01657063144747357	0.010514115968451537	0.01657063144747357	12832.855004593968
1	1000	0.006	0.006	300.0	1	8	10000	4.146757572277598	59.86570170076331	20000.0	4.025056648698829	10000.0	4.2684584958563825	10000.0	min_values	1.4444444444444444	1.4444444444444444	1.4444444444444444	data_size	248.089312546387	239.5082709178396	256.6703541749398	variance	1.3075953987099398	1.2973105044944533	1.317880292925448	variance2	1.151781084678439	1.151163201715685	1.1227767380413385	min_time_thr	8.900615059803708E-4	8.043662189400334E-4	8.900615059803708E-4	12832.855004593968
1	1000	0.006	0.006	300.0	1	8	10000	3.6261419748476285	59.86570170076331	20000.0	3.522691378837588	10000.0	3.7295925708577102	10000.0	min_values	1.5	1.5	1.5	data_size	217.24522852884772	209.81199860785136	224.67845844984348	variance	1.1996277038304821	1.2118739240403997	1.1873814836205578	variance2	0.3531009892548977	0.2920038429292968	0.39279408395081766	min_time_thr	0.003602566364024223	0.003602566364024223	0.003602566364024223	12832.855004593968
1	1000	0.006	0.006	300.0	1	8	10000	4.133868189862383	59.86570170076331	20000.0	4.050431153179377	10000.0	4.217305226545443	10000.0	min_values	2.25	2.25	2.25	data_size	247.4920419786315	241.03899605233633	253.94508790492296	variance	1.281202036991975	1.2776249023400585	1.2847791716439327	variance2	0.43784497367514214	0.3931606283127002	0.4686058408567024	min_time_thr	0.007175614173128402	0.0068107323959422025	0.007175614173128402	12832.855004593968
1	1000	0.006	0.006	300.0	1	8	10000	2.4556294432363104	59.86570170076331	20000.0	2.2401974714023614	10000.0	2.6710614150702456	10000.0	min_values	0.18181818181818182	0.18181818181818182	0.18181818181818182	data_size	146.62305719907073	132.80524541690758	160.44086898123442	variance	0.8487093236823632	0.8160968876085588	0.8813217597561507	variance2	0.6189991612329391	0.46469050840605924	0.6804859450833016	min_time_thr	3.6905853366971434E-4	3.6905853366971434E-4	3.6905853366971434E-4	12832.855004593968
1	1000	0.006	0.006	300.0	1	8	10000	5.881933730948637	59.86570170076331	20000.0	5.833872192680055	10000.0	5.929995269217276	10000.0	min_values	2.888888888888889	2.888888888888889	2.888888888888889	data_size	351.6961613023105	347.7730797422542	355.6192428623647	variance	2.946522566285395	2.989583414138984	2.9034617184320104	variance2	1.46115829066035	1.4386796173353	1.4790171410636797	min_time_thr	0.015799443936194733	0.016027060999466602	0.015799443936194733	12832.855004593968
1	1000	0.006	0.006	300.0	1	8	10000	5.252509570706152	59.86570170076331	20000.0	5.183673094099221	10000.0	5.321346047313292	10000.0	min_values	3.0	3.0	3.0	data_size	313.90428936592747	308.0173830289796	319.7911957028723	variance	2.2648360290536376	2.2974273165288652	2.232244741578423	variance2	0.9503496916466325	0.9705995543399242	0.9206229079299143	min_time_thr	0.017963930620301643	0.017963930620301643	0.017963930620301643	12832.855004593968
1	1000	0.006	0.006	300.0	1	8	10000	2.889703212281956	59.86570170076331	20000.0	2.7331550719756303	10000.0	3.046251352588274	10000.0	min_values	1.0833333333333333	1.0833333333333333	1.368421052631579	data_size	173.10311695294382	163.0008134593212	183.20542044656477	variance	0.9165439438572668	0.8737407535191681	0.9593471341953351	variance2	0.3125969290086545	0.2564060041027712	0.3197732134477967	min_time_thr	0.0026789145725664315	0.0026789145725664315	0.003383892091662861	12832.855004593968
1	1000	0.006	0.006	300.0	1	8	10000	2.275407554846806	59.86570170076331	20000.0	2.0449144111736923	10000.0	2.5059006985199157	10000.0	min_values	0.9	0.9	0.9	data_size	136.24836338234851	121.60388086156577	150.89284590313213	variance	0.7831212238625578	0.7658802458674351	0.8003622018576737	variance2	0.3674957372481878	0.17693253518240987	0.45180476075333953	min_time_thr	0.0015185666510284278	0.0015185666510284278	0.0015185666510284278	12832.855004593968
1	1000	0.006	0.006	300.0	1	8	10000	2.3148648562989185	59.86570170076331	20000.0	2.0959480417003915	10000.0	2.5337816708974055	10000.0	min_values	0.5	0.5	0.5	data_size	138.8014899928042	125.03565661844556	152.5673233671619	variance	0.7743602288432941	0.7330540928377909	0.8156663648487879	variance2	0.3942016655024141	0.2793254246566431	0.41322876292027194	min_time_thr	0.002851564998175601	0.002851564998175601	0.0011723873571418135	12832.855004593968
1	1000	0.006	0.006	300.0	1	8	10000	2.6417308841803857	59.86570170076331	20000.0	2.474150232717365	10000.0	2.80931153564338	10000.0	min_values	1.1818181818181819	1.1818181818181819	1.1818181818181819	data_size	158.16449630964786	147.32833319961614	169.00065941967912	variance	0.7791473343544706	0.7218347561713173	0.8364599125376156	variance2	0.23744451442500944	0.12753651005590907	0.29118596930458224	min_time_thr	0.0020558858803945692	0.0021743956848984734	0.0020558858803945692	12832.855004593968
1	1000	0.006	0.006	300.0	1	8	10000	2.397029525101515	59.86570170076331	20000.0	2.182695625978877	10000.0	2.611363424224175	10000.0	min_values	0.125	0.125	0.13333333333333333	data_size	143.77474966771783	130.41958730347088	157.1299120319641	variance	0.7975773575945693	0.7576564431044972	0.8374982720846313	variance2	0.4099385041196813	0.3002230193902156	0.42777594822291615	min_time_thr	9.00683350394346E-5	8.700279932190594E-5	9.607289070873023E-5	12832.855004593968
1	1000	0.006	0.006	300.0	1	8	10000	3.1443688550971185	59.86570170076331	20000.0	3.002284811919476	10000.0	3.2864528982747863	10000.0	min_values	1.5294117647058822	1.5294117647058822	1.5294117647058822	data_size	188.1038149981764	178.50446390732793	197.70316608902513	variance	1.0212988034099777	0.97131068876517	1.0712869180547613	variance2	0.3937943861141422	0.3486391650441042	0.39857385653276434	min_time_thr	0.0019710136069579685	0.0014372737287284309	0.0019710136069579685	12832.855004593968
1	1000	0.006	0.006	300.0	1	8	10000	7.8023884122321805	59.86570170076331	20000.0	7.765849579046744	10000.0	7.838927245417608	10000.0	min_values	4.5	4.5	4.5	data_size	466.62110292876093	461.5970248348749	471.64518102264685	variance	4.814165299220415	4.814284038431995	4.814046560008679	variance2	2.4519367646799064	2.365068038190272	2.5361353185088533	min_time_thr	0.08986061418347778	0.08986061418347778	0.08670190352012927	12832.855004593968
1	1000	0.006	0.006	300.0	1	8	10000	2.005600386011438	59.86570170076331	20000.0	1.7480486311965862	10000.0	2.2631521408263144	10000.0	min_values	0.14285714285714285	0.14285714285714285	0.14285714285714285	data_size	120.04853945706198	103.93104784163589	136.16603107248696	variance	0.6828888414420501	0.6249937612487212	0.7407839216353809	variance2	0.4443751349117098	0.22280655783222542	0.5332778991747568	min_time_thr	3.471801876070208E-4	4.0420483219833755E-4	3.471801876070208E-4	12832.855004593968
1	1000	0.006	0.006	300.0	1	8	10000	2.2458541921300412	59.86570170076331	20000.0	2.0446614239442367	10000.0	2.4470469603158342	10000.0	min_values	0.5	0.5	0.5	data_size	134.55210914312553	121.81273932740663	147.29147895884498	variance	0.7742445950869243	0.7434280513996243	0.8050611387742128	variance2	0.34280780297526586	0.16843248926018226	0.4362260567498229	min_time_thr	0.0031464193847872248	0.002473107360295227	0.0031464193847872248	12832.855004593968
1	1000	0.006	0.006	300.0	1	8	10000	4.934898289840434	59.86570170076331	20000.0	4.911628595082725	10000.0	4.958167984598315	10000.0	min_values	3.0	3.0	3.0	data_size	295.0098495262029	291.8170880762541	298.2026109761522	variance	1.785107001593252	1.7656867188938747	1.8045272842926274	variance2	1.096670748985994	1.0949860770749869	1.0972724635088258	min_time_thr	0.03893273220916518	0.026640853610865177	0.03893273220916518	12832.855004593968
1	1000	0.006	0.006	300.0	1	8	10000	1.9458251514545173	59.86570170076331	20000.0	1.665403180451196	10000.0	2.226247122457811	10000.0	min_values	0.09090909090909091	0.09090909090909091	0.09090909090909091	data_size	116.65442121073357	99.42927195345976	133.87957046800759	variance	0.6260792117990231	0.5380429284783241	0.7141154951197043	variance2	1.0788184932097213	1.031828970555374	0.9685350522213163	min_time_thr	3.537963205423835E-5	5.062444734587623E-5	3.537963205423835E-5	12832.855004593968
1	1000	0.006	0.006	300.0	1	8	10000	2.5791380106859103	59.86570170076331	20000.0	2.4313226124928513	10000.0	2.726953408878957	10000.0	min_values	0.3181818181818182	0.3181818181818182	0.3181818181818182	data_size	154.3671872586947	144.98781085785424	163.74656365953606	variance	0.9002971103282518	0.891735456643868	0.9088587640126145	variance2	0.7019968821026912	0.6781665048049083	0.6821284755145127	min_time_thr	4.8359844713457927E-4	4.8359844713457927E-4	6.674157169894922E-4	12832.855004593968
1	1000	0.006	0.006	300.0	1	8	10000	2.133022814070234	59.86570170076331	20000.0	1.8576513499369491	10000.0	2.4083942782034984	10000.0	min_values	0.13333333333333333	0.13333333333333333	0.13333333333333333	data_size	127.69092709178713	110.46995802248733	144.91189616108628	variance	0.7405289444223121	0.6711207134994863	0.8099371753451329	variance2	0.6181267058759904	0.5023460218749041	0.582248503359268	min_time_thr	1.349566036523414E-4	1.2827718158481123E-4	1.349566036523414E-4	12832.855004593968
1	1000	0.006	0.006	300.0	1	8	10000	2.518634068079095	59.86570170076331	20000.0	2.32937939076969	10000.0	2.707888745388468	10000.0	min_values	1.0833333333333333	1.0833333333333333	1.3	data_size	150.71947677468415	138.54970751906072	162.88924603030853	variance	0.8412383954467026	0.814759167596879	0.8677176232965199	variance2	0.33104847239731	0.2002197846023623	0.390242494425296	min_time_thr	0.001083792523517825	0.001083792523517825	0.0013005510282213903	12832.855004593968
1	1000	0.006	0.006	300.0	1	8	10000	2.3761769518977274	59.86570170076331	20000.0	2.138815770712089	10000.0	2.613538133083389	10000.0	min_values	0.5625	0.5625	0.5625	data_size	142.09061187236296	127.0002236179647	157.18100012675998	variance	0.8007083974298282	0.7555123816789568	0.8459044131806853	variance2	0.44816132406370873	0.30198884101391543	0.4816531464458133	min_time_thr	7.005201715561977E-4	7.005201715561977E-4	7.005201715561977E-4	12832.855004593968
1	1000	0.006	0.006	300.0	1	8	10000	2.399176951873454	59.86570170076331	20000.0	2.1993773150854343	10000.0	2.598976588661484	10000.0	min_values	0.4	0.4	0.6666666666666666	data_size	143.7212456463096	131.01455809528073	156.42793319733815	variance	0.7730541695959368	0.7409533820186173	0.8051549571732616	variance2	0.3512023974433953	0.1989644917884141	0.4236005133771204	min_time_thr	0.0036982180711612384	0.0036982180711612384	0.0034255354053075184	12832.855004593968
1	1000	0.006	0.006	300.0	1	8	10000	2.6451601381180896	59.86570170076331	20000.0	2.4575295596628215	10000.0	2.832790716573379	10000.0	min_values	1.3	1.3	1.3	data_size	158.19311537904775	146.39470743111102	169.9915233269828	variance	0.8892592258488048	0.8682092747507857	0.9103091769468127	variance2	0.4562948489357073	0.3333835327549557	0.5087956971735373	min_time_thr	0.0016373694879742737	0.0016373694879742737	0.0016373694879742737	12832.855004593968
1	1000	0.006	0.006	300.0	1	8	10000	2.390389380922091	59.86570170076331	20000.0	2.173926097129347	10000.0	2.606852664714859	10000.0	min_values	0.9629629629629629	0.9629629629629629	0.9629629629629629	data_size	143.11712651865875	129.34711598782707	156.88713704948884	variance	0.8064770339107266	0.7705616577652857	0.8423924100561587	variance2	0.4469279893910801	0.2775228242575755	0.5226204480639008	min_time_thr	7.295545670482527E-4	7.295545670482527E-4	9.300248326521298E-4	12832.855004593968
1	1000	0.006	0.006	300.0	1	8	10000	2.895897335126428	59.86570170076331	20000.0	2.7500498437850016	10000.0	3.041744826467818	10000.0	min_values	0.6666666666666666	0.6666666666666666	1.0	data_size	173.37737735500048	163.72075348637904	183.034001223625	variance	0.9196981710433876	0.8712165038677138	0.9681798382190129	variance2	0.27854514668255126	0.20233529862738925	0.312212013276542	min_time_thr	0.0031577330162070893	0.0031577330162070893	0.001113667911173897	12832.855004593968
1	1000	0.006	0.006	300.0	1	8	10000	1.8504077093784348	59.86570170076331	20000.0	1.5640762109122615	10000.0	2.136739207844616	10000.0	min_values	0.13333333333333333	0.13333333333333333	0.13333333333333333	data_size	110.90450919245389	93.25150087327397	128.55751751163433	variance	0.5841839713703132	0.4567356367257825	0.7116323060148395	variance2	0.37817996940060755	0.1519650879241261	0.44042339684931375	min_time_thr	2.938653803829495E-4	2.938653803829495E-4	2.938653803829495E-4	12832.855004593968
1	1000	0.006	0.006	300.0	1	8	10000	1.5880986088128723	59.86570170076331	20000.0	1.31266939791939	10000.0	1.8635278197063336	10000.0	min_values	0.13333333333333333	0.13333333333333333	0.13333333333333333	data_size	95.42330896861587	78.4218067993017	112.42481113792928	variance	0.5694092780066813	0.46280922457391216	0.6760093314394416	variance2	0.5067716236394919	0.2628937022264035	0.5989270446257756	min_time_thr	2.2318178115201805E-4	2.2318178115201805E-4	2.2318178115201805E-4	12832.855004593968
1	1000	0.006	0.006	300.0	1	8	10000	1.832441572762128	59.86570170076331	20000.0	1.604461297777144	10000.0	2.0604218477471354	10000.0	min_values	0.5	0.5	0.5	data_size	109.76153952888754	95.44011729819346	124.08296175958125	variance	0.6946845047850173	0.6645978098398968	0.7247711997301327	variance2	0.5455148389115302	0.3238782099311555	0.6632014563274296	min_time_thr	0.0013462314685986371	0.001383487085531945	6.142645930858968E-4	12832.855004593968
1	1000	0.006	0.006	300.0	1	8	10000	1.7538081899592994	59.86570170076331	20000.0	1.392466026491105	10000.0	2.1151503534274867	10000.0	min_values	0.2	0.2	0.25	data_size	105.02719947354693	82.87069512546832	127.18370382162603	variance	0.6927009068708192	0.6232917396207412	0.762110074120888	variance2	0.60925665465044	0.2630553493922212	0.694321641708911	min_time_thr	1.3275461543913312E-4	1.1369036344693843E-4	2.0805197913011225E-4	12832.855004593968
1	1000	0.006	0.006	300.0	1	8	10000	2.2938948125841963	59.86570170076331	20000.0	2.08264799222091	10000.0	2.505141632947441	10000.0	min_values	0.4	0.4	0.4	data_size	137.5016437615592	124.40555512796645	150.59773239515133	variance	0.7629920470722604	0.7133788979948017	0.8126051961497139	variance2	0.44544787177925355	0.3009901992392064	0.5006551060921313	min_time_thr	0.0014228243178352668	9.267804704213994E-4	0.0014228243178352668	12832.855004593968
1	1000	0.006	0.006	300.0	1	8	10000	2.51338786069236	59.86570170076331	20000.0	2.291303668719641	10000.0	2.7354720526650858	10000.0	min_values	0.7878787878787878	0.7878787878787878	0.7878787878787878	data_size	150.63864651364372	136.4532068190408	164.82408620824617	variance	0.8127360926048542	0.7632896256652999	0.8621825595443908	variance2	0.6624214868604554	0.5131195626833395	0.7130806343892188	min_time_thr	6.682962923850365E-4	4.5570815831023697E-4	6.682962923850365E-4	12832.855004593968
1	1000	0.006	0.006	300.0	1	8	10000	2.5158085294389356	59.86570170076331	20000.0	2.3221706446460852	10000.0	2.7094464142317554	10000.0	min_values	1.1304347826086956	1.1304347826086956	1.1304347826086956	data_size	150.6820931193142	138.32024782541734	163.0439384132113	variance	0.8070884881275411	0.7658035191339546	0.8483734571211112	variance2	0.27012146159437517	0.13840769103311898	0.32684397130154896	min_time_thr	0.0012533307811912388	0.0012533307811912388	0.0012533307811912388	12832.855004593968
1	1000	0.006	0.006	300.0	1	8	10000	2.520887670420836	59.86570170076331	20000.0	2.3397297739270138	10000.0	2.7020455669146615	10000.0	min_values	0.9	0.9	0.9	data_size	150.9312397418182	139.03828981723694	162.82418966640154	variance	0.8281540499167038	0.7956004914932029	0.8607076083401988	variance2	0.38981137102150604	0.2719753835782294	0.4420109915406542	min_time_thr	7.920994587171373E-4	7.920994587171373E-4	7.920994587171373E-4	12832.855004593968
1	1000	0.006	0.006	300.0	1	2	10000	1.3284699477725763	59.86570170076331	20000.0	1.129482666063796	10000.0	1.5274572294813449	10000.0	min_values	0.175	0.175	0.175	data_size	79.3921374395934	66.80329847588935	91.98097640329767	variance	0.46404210878581187	0.37715400855909326	0.5509302090125292	variance2	0.3826496751975847	0.3235287668362086	0.3625787069952654	min_time_thr	1.1047906554258413E-4	1.1047906554258413E-4	1.1047906554258413E-4	12832.855004593968
1	1000	0.006	0.006	300.0	1	2	10000	1.1370355361406521	59.86570170076331	20000.0	0.783759148970556	10000.0	1.4903119233107427	10000.0	min_values	0.1	0.1	0.125	data_size	68.0496376006212	46.32577358172693	89.77350161951543	variance	0.43636962931750384	0.3309760143717915	0.5417632442632158	variance2	0.5816870974466295	0.23290812513409356	0.6808576582952591	min_time_thr	1.13347145777941E-4	1.13347145777941E-4	1.4875290529203653E-4	12832.855004593968
1	1000	0.006	0.006	300.0	1	2	10000	1.2318845757077523	59.86570170076331	20000.0	0.9361895894379261	10000.0	1.5275795619775663	10000.0	min_values	0.16666666666666666	0.16666666666666666	0.16666666666666666	data_size	74.10925379432628	55.98534904040961	92.23315854824338	variance	0.5127643148726976	0.4315457407859593	0.5939828889594272	variance2	0.5809067852744099	0.3624708534185629	0.6244716673200404	min_time_thr	2.722407414550131E-4	2.722407414550131E-4	2.722407414550131E-4	12832.855004593968
1	1000	0.006	0.006	300.0	1	2	10000	1.6940627391385763	59.86570170076331	20000.0	1.3704092342544911	10000.0	2.0177162440226692	10000.0	min_values	0.1111111111111111	0.1111111111111111	0.1111111111111111	data_size	101.46494478823874	81.70704202029629	121.22284755618142	variance	0.6301833126527714	0.5262967702899709	0.7340698550155639	variance2	0.5610494783210869	0.3344004402872597	0.5781953339073957	min_time_thr	1.51333402641305E-4	7.605885958880433E-5	1.51333402641305E-4	12832.855004593968
1	1000	0.006	0.006	300.0	1	2	10000	1.3982080723889991	59.86570170076331	20000.0	1.067791199214713	10000.0	1.7286249455632845	10000.0	min_values	0.15384615384615385	0.15384615384615385	0.15384615384615385	data_size	83.76133453879946	63.65040673046732	103.87226234713117	variance	0.5172612838681534	0.4143647677896977	0.6201577999466041	variance2	0.5437987253951114	0.2072773282616612	0.6619695023720213	min_time_thr	1.9101963255226259E-4	1.9101963255226259E-4	1.5391136428655506E-4	12832.855004593968
1	1000	0.006	0.006	300.0	1	8	10000	4.520532042851037	59.86570170076331	20000.0	4.43274361523988	10000.0	4.60832047046224	10000.0	min_values	2.0	2.0	2.0	data_size	270.53610423499003	263.9906232971151	277.08158517286483	variance	1.3600282549070382	1.3367021541308508	1.3833543556832586	variance2	0.8553730390038167	0.8276058637884235	0.8677265981743285	min_time_thr	0.0038472150407726988	0.0038472150407726988	0.0038472150407726988	12832.855004593968
1	1000	0.006	0.006	300.0	1	8	10000	4.893575315866608	59.86570170076331	20000.0	4.815179474353289	10000.0	4.971971157380063	10000.0	min_values	2.3636363636363638	2.3636363636363638	2.3636363636363638	data_size	293.00031125862023	286.7272968791339	299.27332563810694	variance	1.4386372977253645	1.3993905516567895	1.4778840437940228	variance2	0.7478848553471565	0.7572429706278304	0.7262349241332865	min_time_thr	0.010112043401084759	0.010112043401084759	0.010112043401084759	12832.855004593968
1	1000	0.006	0.006	300.0	1	8	10000	4.652049322454938	59.86570170076331	20000.0	4.570720333532	10000.0	4.733378311377908	10000.0	min_values	2.1666666666666665	2.1666666666666665	2.1666666666666665	data_size	277.98627351955696	272.13488557130654	283.8376614678052	variance	1.4543545729728775	1.4410909303082118	1.4676182156376283	variance2	1.1155347098638637	1.1121331107478576	1.1057075001013892	min_time_thr	0.0034381387002618505	0.0034381387002618505	0.0034381387002618505	12832.855004593968
1	1000	0.006	0.006	300.0	1	8	10000	5.1464329458530615	59.86570170076331	20000.0	5.082517411335686	10000.0	5.210348480370593	10000.0	min_values	2.3636363636363638	2.3636363636363638	2.3636363636363638	data_size	308.05454132830613	302.49221876056845	313.61686389604284	variance	1.572143347627239	1.5750738871475645	1.569212808107043	variance2	0.8464299553082805	0.8613392805822173	0.8233502389290465	min_time_thr	0.0044126199264313964	0.0044126199264313964	0.011683947828214584	12832.855004593968
1	1000	0.006	0.006	300.0	1	8	10000	2.3761316932984338	59.86570170076331	20000.0	2.1896203665588447	10000.0	2.5626430200380406	10000.0	min_values	0.5	0.5	0.5	data_size	142.00542561320296	130.12478661719177	153.88606460921557	variance	0.8437156126675908	0.8375382253469487	0.8498929999882353	variance2	0.32925292715551047	0.17323324301386	0.4156996612928281	min_time_thr	1.4146394327527767	1.4146394327527767	2.544976863332542	12832.855004593968
1	1000	5	0.004	0.004	300.0	1	4	10000	3.5507375321074184	59.86570170076344	20000.0	2.6995459307758716	10000.0	4.401929133438919	10000.0	min_values	0.25	0.25	0.25	data_size	212.56541818480358	161.17773860786554	263.953097761743	variance	1.2359983064301487	0.9691247392024362	1.502871873657837	variance2	2.1273131436918677	0.7509815199968459	2.054590483032225	min_time_thr	0.7843034783296775	0.7843034783296775	3.895038519836529	numnum	2623.0	7377.0	19249.046439095062
1	1000	5	0.006	0.006	300.0	1	4	10000	2.0214504227574506	59.86570170076331	20000.0	1.400494468529769	10000.0	2.642406376985113	10000.0	min_values	0.13333333333333333	0.13333333333333333	0.15384615384615385	data_size	120.6249452958862	83.07478311536863	158.17510747640367	variance	0.6850923571157402	0.5040988067487614	0.8660859074827085	variance2	1.2495730424055913	0.8111182092114944	0.9168552814180584	min_time_thr	0.24345361336622215	0.24345361336622215	1.6139421899181883	numnum	2640.0	7360.0	12832.855004593968
1	1000	3	0.006	0.006	300.0	1	4	10000	1.8307588334028517	59.86570170076331	20000.0	1.568106780478211	10000.0	2.0934108863274594	10000.0	min_values	0.2916666666666667	0.2916666666666667	0.2916666666666667	data_size	109.71615904219446	93.2437174890821	126.18860059530688	variance	0.6396340183802834	0.5569801598895585	0.7222878768710036	variance2	0.39642671739428903	0.1782980356987172	0.476583197278815	min_time_thr	0.7276761884964299	0.7276761884964299	2.066725636606444	numnum	4844.0	5156.0	12832.855004593968
1	1000	9	0.006	0.006	300.0	1	4	10000	2.522909988264234	59.86570170076331	20000.0	1.0525655633825155	10000.0	3.993254413145931	10000.0	min_values	0.125	0.125	0.125	data_size	151.1282434726483	62.27855910974712	239.97792783554988	variance	0.856143173905425	0.45214890372407435	1.2601374440867743	variance2	3.2044953002926424	1.1304014254557944	0.9547637195680143	min_time_thr	0.250068839252647	0.250068839252647	3.1719708666325395	numnum	509.0	9491.0	12832.855004593968
1	1000	9	0.006	0.006	300.0	1	4	10000	2.66446216714848	59.86570170076331	20000.0	0.9207237562133741	10000.0	4.408200578083608	10000.0	min_values	0.1	0.1	0.10526315789473684	data_size	159.67084419878233	55.08041332142201	264.2612750761426	variance	0.8532568215969293	0.36992993154315995	1.3365837116506851	variance2	4.2404029853581235	1.1244268271989923	1.2751318519760737	min_time_thr	0.17132116721604967	0.17132116721604967	3.4846672006035755	numnum	484.0	9516.0	12832.855004593968
1	1000	9	0.006	0.006	300.0	1	4	10000	2.999323761527019	59.86570170076331	20000.0	1.7038744695237962	10000.0	4.294773053530255	10000.0	min_values	0.13333333333333333	0.13333333333333333	0.14285714285714285	data_size	179.38171787481497	100.90873373075799	257.85470201887034	variance	1.0156962608326323	0.6891890146111063	1.342203507054161	variance2	2.629455112689837	0.7966492262302624	1.105883262846074	min_time_thr	0.2822846945411999	0.2822846945411999	3.401904013646963	numnum	451.0	9549.0	12832.855004593968
1	1000	9	0.006	0.006	300.0	1	4	10000	2.6192497832802	59.86570170076331	20000.0	1.0961884487796465	10000.0	4.142311117780768	10000.0	min_values	0.1111111111111111	0.1111111111111111	0.14285714285714285	data_size	156.87311379349975	65.04646708994007	248.69976049706327	variance	0.8475652268423243	0.38794861104767153	1.3071818426369626	variance2	3.24418842163478	0.7908874229306819	1.058057763037549	min_time_thr	0.20313400988140723	0.20313400988140723	3.2666712361087917	numnum	393.0	9607.0	12832.855004593968
1	1000	9	0.006	0.006	300.0	1	4	10000	2.7718365509805114	59.86570170076331	20000.0	1.4525580261777573	10000.0	4.091115075783313	10000.0	min_values	0.09523809523809523	0.09523809523809523	0.1	data_size	166.0896867424061	86.46810419706252	245.71126928775058	variance	0.9193575689081858	0.5752847072138574	1.2634304306025	variance2	2.8670224823463615	1.1296173530534726	1.1234359596276031	min_time_thr	0.19803945646314935	0.19803945646314935	3.2426495039860517	numnum	540.0	9460.0	12832.855004593968
1	1000	9	0.006	0.006	300.0	1	4	10000	3.742042116176575	59.86570170076331	20000.0	2.716966277727691	10000.0	4.76711795462545	10000.0	min_values	1.1818181818181819	1.1818181818181819	1.2380952380952381	data_size	223.58405625902495	161.31652593691933	285.8515865811311	variance	1.2269312308129074	0.9830642767048419	1.4707981849209697	variance2	1.9257371093720497	0.6569284282424163	1.0929848413583345	min_time_thr	1.792555308574232	1.792555308574232	3.856905735317413	numnum	615.0	9385.0	12832.855004593968
1	1000	9	0.006	0.006	300.0	1	4	10000	3.672814992202024	59.86570170076331	20000.0	2.6233709465758652	10000.0	4.722259037828126	10000.0	min_values	1.1818181818181819	1.1818181818181819	1.2380952380952381	data_size	219.7606230923197	156.47085546472852	283.0503907199132	variance	1.16791237350823	0.8767625107268621	1.4590622362895707	variance2	1.7650187659936183	0.24566932039981149	1.0817026017871672	min_time_thr	2.0007274616074455	2.0007274616074455	3.799840934951848	numnum	503.0	9497.0	12832.855004593968
1	1000	9	0.006	0.006	300.0	1	4	10000	3.5247816961649057	59.86570170076331	20000.0	2.41411394528827	10000.0	4.635449447041547	10000.0	min_values	0.6666666666666666	0.6666666666666666	1.0	data_size	210.99835450743996	143.72606864445495	278.2706403704225	variance	1.1372089501912757	0.8344632615861614	1.43995463879637	variance2	1.9070123415812432	0.2862316366692477	1.0606273408184939	min_time_thr	1.677926697663508	1.677926697663508	3.7407607745449423	numnum	472.0	9528.0	12832.855004593968
1	1000	9	0.006	0.006	300.0	1	4	10000	3.6814552818781734	59.86570170076331	20000.0	2.6301974093048686	10000.0	4.732713154451489	10000.0	min_values	0.6666666666666666	0.6666666666666666	1.3	data_size	220.12217718738393	156.61572498482596	283.6286293899408	variance	1.1702294832097213	0.8785565457147524	1.4619024207046611	variance2	1.8125559471619939	0.3377791190455086	1.0770465459837195	min_time_thr	1.8221808686792356	1.8221808686792356	3.8039788628202427	numnum	536.0	9464.0	12832.855004593968
1	1000	9	0.006	0.006	300.0	1	4	10000	3.677526025454759	59.86570170076331	20000.0	2.625563011810927	10000.0	4.72948903909858	10000.0	min_values	1.1818181818181819	1.1818181818181819	1.1818181818181819	data_size	219.74590176398908	155.80040030469854	283.69140322327945	variance	1.161911728031991	0.8687924793787796	1.4550309766851772	variance2	1.8352267169839196	0.3884725723324778	1.0687284974861777	min_time_thr	1.8606728488547677	1.8606728488547677	3.809147682702521	numnum	538.0	9462.0	12832.855004593968
1	1000	9	0.006	0.006	300.0	1	4	10000	3.9283394182221447	59.86570170076331	20000.0	3.049847488040699	10000.0	4.806831348403581	10000.0	min_values	1.4444444444444444	1.4444444444444444	1.4444444444444444	data_size	234.81356679442948	181.41112187526093	288.21601171360044	variance	1.2586394833474737	1.0204217987089947	1.4968571679859273	variance2	1.4686684588415881	0.3695154792663832	1.0243252956289526	min_time_thr	2.2708904755070023	2.2708904755070023	3.8971926692903622	numnum	673.0	9327.0	12832.855004593968
1	1000	9	0.006	0.006	300.0	1	4	10000	3.6495197618042483	59.86570170076331	20000.0	2.597862333640524	10000.0	4.701177189967934	10000.0	min_values	0.14285714285714285	0.14285714285714285	1.1818181818181819	data_size	218.580261956741	155.36514394828717	281.7953799651951	variance	1.204690415412685	0.9362407404344721	1.473140090390846	variance2	1.973342752706113	0.6928978577634198	1.041820955224989	min_time_thr	0.5039723238758883	0.5039723238758883	3.7882644496021136	numnum	601.0	9399.0	12832.855004593968
1	1000	9	0.006	0.006	300.0	1	4	10000	3.5071916057796786	59.86570170076331	20000.0	2.400432311773994	10000.0	4.613950899785353	10000.0	min_values	0.16666666666666666	0.16666666666666666	1.3	data_size	209.91592450427032	142.82378594871776	277.008063059822	variance	1.1567914635822498	0.8734446815076135	1.4401382456568714	variance2	2.0316297818214153	0.5889582798770573	1.024469014029883	min_time_thr	0.45263489625965336	0.45263489625965336	3.734171964769592	numnum	550.0	9450.0	12832.855004593968
1	1000	9	0.006	0.006	300.0	1	4	10000	3.4455357976047	59.86570170076331	20000.0	2.2852291760376664	10000.0	4.605842419171727	10000.0	min_values	0.125	0.125	1.04	data_size	206.88612837876084	137.19580010284588	276.57645665467464	variance	1.1127913513097045	0.8117970247273166	1.4137856778920705	variance2	2.2263421376326056	0.797415267588273	0.9626460955723318	min_time_thr	0.3681912575509915	0.3681912575509915	3.711606365518412	numnum	546.0	9454.0	12832.855004593968
1	1000	9	0.006	0.006	300.0	1	4	10000	3.5285575427726106	59.86570170076331	20000.0	2.4154423002646825	10000.0	4.641672785280515	10000.0	min_values	0.25	0.25	1.0	data_size	211.07425122035747	143.94884545390545	278.19965698680693	variance	1.1402548110203468	0.8462940166738457	1.434215605366837	variance2	1.9369501036413237	0.3151294809992054	1.080719640076536	min_time_thr	0.9932135889934889	0.9932135889934889	3.7345914227604244	numnum	483.0	9517.0	12832.855004593968
1	1000	9	0.006	0.006	300.0	1	4	10000	3.8078777855164168	59.86570170076331	20000.0	2.7786921891625442	10000.0	4.8370633818702515	10000.0	min_values	0.2857142857142857	0.2857142857142857	1.2380952380952381	data_size	227.6878060441866	165.6228242814212	289.75278780695066	variance	1.2445765469519163	0.9877230304060975	1.5014300634977271	variance2	1.9582613274826715	0.7079394665153289	1.0901372049655813	min_time_thr	0.9545297155518522	0.9545297155518522	3.9263749650863433	numnum	761.0	9239.0	12832.855004593968
1	1000	9	0.006	0.006	300.0	1	4	10000	3.6457143405636283	59.86570170076331	20000.0	2.6184566628350994	10000.0	4.672972018292124	10000.0	min_values	0.3333333333333333	0.3333333333333333	1.1818181818181819	data_size	218.42030584430407	156.38566860956664	280.4549430790401	variance	1.1623789689171424	0.8813687359573418	1.4433892018769212	variance2	1.796414585817889	0.41421238759918944	1.0681001111322568	min_time_thr	1.3518937405778821	1.3518937405778821	3.803589485028816	numnum	577.0	9423.0	12832.855004593968
1	1000	9	0.006	0.006	300.0	1	4	10000	3.390258690758962	59.86570170076331	20000.0	2.2016940587827936	10000.0	4.578823322735133	10000.0	min_values	0.2	0.2	1.0833333333333333	data_size	202.72863171053663	130.61374052725202	274.84352289382235	variance	1.0940931962739613	0.7679953770809637	1.4201910154669488	variance2	2.194454485054184	0.509221888113972	1.0543153132250913	min_time_thr	0.6754277895117459	0.6754277895117459	3.7089394785462284	numnum	499.0	9501.0	12832.855004593968
1	1000	9	0.006	0.006	300.0	1	4	10000	3.2535141417357236	59.86570170076331	20000.0	1.9739779228493528	10000.0	4.533050360622096	10000.0	min_values	0.11764705882352941	0.11764705882352941	0.11764705882352941	data_size	194.88129183394378	117.68359502926522	272.07898863862243	variance	1.0892422954428718	0.7773512854710541	1.4011333054146649	variance2	2.4575907176275678	0.5201605682272583	1.1205949961439017	min_time_thr	0.29152384006432724	0.29152384006432724	3.6358380337343843	numnum	422.0	9578.0	12832.855004593968
1	1000	9	0.006	0.006	300.0	1	4	10000	3.805800101101697	59.86570170076331	20000.0	2.843950714595746	10000.0	4.767649487607619	10000.0	min_values	0.25	0.25	1.2380952380952381	data_size	227.83981444842956	169.75263896345712	285.9269899334036	variance	1.2103662724955058	0.9498471907755316	1.4708853542154525	variance2	1.681353433302417	0.4913274619988286	1.0210709199623171	min_time_thr	1.0913339565977178	1.0913339565977178	3.8476503929993786	numnum	617.0	9383.0	12832.855004593968
1	1000	9	0.006	0.006	300.0	1	4	10000	3.630920662966626	59.86570170076331	20000.0	2.605823775204971	10000.0	4.656017550728256	10000.0	min_values	0.18181818181818182	0.18181818181818182	0.9629629629629629	data_size	217.39778098782324	155.3828688476133	279.41269312803007	variance	1.1636640068317534	0.9001996757525867	1.4271283379108952	variance2	1.976097119177855	0.8402732876404225	1.010273692118073	min_time_thr	0.5128467632527364	0.5128467632527364	3.7869543782591726	numnum	661.0	9339.0	12832.855004593968
1	1000	9	0.006	0.006	300.0	1	4	10000	3.38232093213402	59.86570170076331	20000.0	2.16686583485791	10000.0	4.597776029410159	10000.0	min_values	0.13333333333333333	0.13333333333333333	1.04	data_size	202.4703152515049	129.18362238674297	275.75700811626467	variance	1.102333495291081	0.7660408098135791	1.4386261807685532	variance2	2.350721069293	0.7059587206926534	1.040821230904354	min_time_thr	0.37753454143864806	0.37753454143864806	3.6957034624028022	numnum	495.0	9505.0	12832.855004593968
1	1000	9	0.006	0.006	300.0	1	4	10000	3.6518262635377052	59.86570170076331	20000.0	2.6235639758970044	10000.0	4.680088551178358	10000.0	min_values	0.18181818181818182	0.18181818181818182	1.2380952380952381	data_size	218.54776817015562	156.33709809295422	280.75843824735557	variance	1.1592577782012936	0.8875057343101862	1.4310098220923693	variance2	1.8190459904729963	0.5388768266471422	0.9845684899308033	min_time_thr	0.5700760199269949	0.5700760199269949	3.7895303535146994	numnum	560.0	9440.0	12832.855004593968
1	1000	9	0.006	0.006	300.0	1	4	10000	3.614572821084578	59.86570170076331	20000.0	2.6559708310679753	10000.0	4.573174811101177	10000.0	min_values	0.3333333333333333	0.3333333333333333	0.4	data_size	216.14007193174032	157.94746079081526	274.33268307266644	variance	1.1638920392970602	0.9091312132810877	1.4186528653129995	variance2	1.6321280468801989	0.46199841049419554	0.9644221327386129	min_time_thr	0.7885229937355702	0.7885229937355702	3.6927575803242143	numnum	590.0	9410.0	12832.855004593968
1	1000	9	0.006	0.006	300.0	1	4	10000	3.5973614980142457	59.86570170076331	20000.0	2.5377739115525744	10000.0	4.656949084475891	10000.0	min_values	0.25	0.25	1.2272727272727273	data_size	214.9445844426519	150.52260212490634	279.36656676039576	variance	1.1687880783934184	0.9024048217543857	1.4351713350324387	variance2	1.8488479553385597	0.42406508887410593	1.028179115035684	min_time_thr	0.7709086436551535	0.7709086436551535	3.7664360081451087	numnum	513.0	9487.0	12832.855004593968
1	1000	9	0.006	0.006	300.0	1	4	10000	3.7798169745252794	59.86570170076331	20000.0	2.8314476490586378	10000.0	4.728186299991944	10000.0	min_values	0.4	0.4	1.368421052631579	data_size	225.94922817820907	168.564407460172	283.33404889624643	variance	1.2147635722072472	0.9612582090746163	1.4682689353398548	variance2	1.6432108130389464	0.45346223335700325	1.0341506377487166	min_time_thr	1.7375918069839043	1.7375918069839043	3.817838485484571	numnum	654.0	9346.0	12832.855004593968
1	1000	9	0.006	0.006	300.0	1	4	10000	3.5304122383300993	59.86570170076331	20000.0	2.4267838218069504	10000.0	4.634040654853217	10000.0	min_values	0.2857142857142857	0.2857142857142857	1.04	data_size	210.96276732354713	143.80695521887125	278.1185794282218	variance	1.1375613007059049	0.8503714312216393	1.424751170190136	variance2	1.9366359232667703	0.35028727181309066	1.086993211205799	min_time_thr	1.2349303244800283	1.2349303244800283	3.753165348817966	numnum	498.0	9502.0	12832.855004593968
1	1000	9	0.006	0.006	300.0	1	4	10000	3.628686734244632	59.86570170076331	20000.0	2.630927452249621	10000.0	4.626446016239623	10000.0	min_values	0.5	0.5	1.0833333333333333	data_size	217.1123348523871	156.87538425723716	277.34928544753313	variance	1.159220541874563	0.8862627138760041	1.4321783698731072	variance2	1.664293015797813	0.33987417218928867	0.9976646897919657	min_time_thr	1.5435215853257263	1.5435215853257263	3.7280017954853544	numnum	562.0	9438.0	12832.855004593968
1	1000	9	0.006	0.006	300.0	1	4	10000	3.6367553665948655	59.86570170076331	20000.0	2.62191036643072	10000.0	4.651600366759068	10000.0	min_values	0.25	0.25	1.368421052631579	data_size	217.34608479998536	155.61039680917472	279.0817727907911	variance	1.188568978453763	0.9398367669186662	1.4373011899888415	variance2	1.7872036616670266	0.5733274393315179	0.9412591352861304	min_time_thr	0.9608181242225312	0.9608181242225312	3.757517849075907	numnum	614.0	9386.0	12832.855004593968
1	1000	9	0.006	0.006	300.0	1	4	10000	3.6513744612325647	59.86570170076331	20000.0	2.6160650604756674	10000.0	4.6866838619894	10000.0	min_values	0.5	0.5	0.9285714285714286	data_size	218.30165780670978	155.73459250635088	280.8687231070668	variance	1.1892928833409484	0.9058901690156804	1.4726955976661904	variance2	1.845978760967615	0.46486099065948794	1.0833654206846275	min_time_thr	1.5618264615426578	1.5618264615426578	3.7935889928959323	numnum	585.0	9415.0	12832.855004593968
1	1000	9	0.006	0.006	300.0	1	4	10000	3.6536760755882227	59.86570170076331	20000.0	2.6316799766472707	10000.0	4.6756721745291365	10000.0	min_values	0.3333333333333333	0.3333333333333333	1.1304347826086956	data_size	218.47734275227617	156.67141061225806	280.28327489229235	variance	1.1597405442907134	0.8814945240369761	1.437986564544432	variance2	1.740186828895157	0.35102177212724706	1.040399833162106	min_time_thr	1.4793370997513886	1.4793370997513886	3.778974158347702	numnum	533.0	9467.0	12832.855004593968
1	1000	9	0.006	0.006	300.0	1	4	10000	3.7999840428031835	59.86570170076331	20000.0	2.8322766725761173	10000.0	4.7676914130301515	10000.0	min_values	1.4444444444444444	1.4444444444444444	1.4444444444444444	data_size	227.17813838143041	168.48509443836986	285.87118232449006	variance	1.1958614101324423	0.913814834156251	1.4779079861086148	variance2	1.643331251292096	0.3697822492581474	1.0439651445426887	min_time_thr	2.116750295350898	2.116750295350898	3.8429876794694735	numnum	594.0	9406.0	12832.855004593968
1	1000	9	0.006	0.006	300.0	1	4	10000	3.7993089729824505	59.86570170076331	20000.0	2.847525804339397	10000.0	4.7510921416254375	10000.0	min_values	1.2380952380952381	1.2380952380952381	1.3	data_size	227.26516472255298	169.66588231628674	284.8644471288208	variance	1.2126192582919142	0.9592337251487696	1.4660047914350383	variance2	1.5754231885762444	0.3077464214494356	1.031317555478762	min_time_thr	2.1195341930450073	2.1195341930450073	3.831513777543426	numnum	578.0	9422.0	12832.855004593968
1	1000	9	0.006	0.006	300.0	1	4	10000	3.8655797055980576	59.86570170076331	20000.0	2.9392879837483066	10000.0	4.791871427447773	10000.0	min_values	1.0833333333333333	1.0833333333333333	1.0833333333333333	data_size	231.05664431048743	174.94395881743395	287.16932980354005	variance	1.2562879451593907	1.029543352574609	1.4830325377441684	variance2	1.6681316790792913	0.5495213940751231	1.0707092561487506	min_time_thr	1.903533454749972	1.903533454749972	3.8953644543741306	numnum	668.0	9332.0	12832.855004593968
1	1000	9	0.006	0.006	300.0	1	4	10000	3.51114235157507	59.86570170076331	20000.0	2.4044479239535095	10000.0	4.6178367791966	10000.0	min_values	0.13333333333333333	0.13333333333333333	1.3	data_size	209.76810248696222	142.43650437866452	277.09970059525995	variance	1.1542972479731615	0.8668509901699286	1.4417435057763537	variance2	2.0218177538220683	0.5911765764260539	1.0029138189609768	min_time_thr	0.3872139968035324	0.3872139968035324	3.7087619859478216	numnum	541.0	9459.0	12832.855004593968
1	1000	9	0.006	0.006	300.0	1	4	10000	3.7669128089000767	59.86570170076331	20000.0	2.8294404392283163	10000.0	4.704385178571775	10000.0	min_values	0.18181818181818182	0.18181818181818182	1.3	data_size	224.70403761160145	167.74481070700034	281.6632645162066	variance	1.2308491787859452	1.0000314383577238	1.4616669192141434	variance2	1.7214263170311912	0.6701822870962394	1.0149614591702805	min_time_thr	0.6939056418953917	0.6939056418953917	3.813673032012805	numnum	729.0	9271.0	12832.855004593968
1	1000	9	0.006	0.006	300.0	1	4	mu60.0	10000	3.5524141346818627	59.86570170076331	20000.0	2.401794033171065	10000.0	4.703034236192645	10000.0	min_values	0.8666666666666667	0.8666666666666667	0.8666666666666667	data_size	212.15697997748308	142.41401344346968	281.89994651149465	variance	1.1374578985620811	0.8348010607506748	1.4401147363734657	variance2	2.1210177294354216	0.4637620246245537	1.1304201982449187	min_time_thr	1.57050213459999	1.57050213459999	3.801278135460011	numnum	494.0	9506.0	12832.855004593968
1	1000	9	0.006	0.006	300.0	1	4	mu0.00333333333333333	10000	0.6979672325602276	299.3285085038179	20000.0	0.4923252702386819	10000.0	0.9036091948817703	10000.0	min_values	0.2	0.2	0.33766233766233766	data_size	209.47529928284138	146.6449999259005	272.3055986397825	variance	0.5317531320160724	0.24711834176935935	0.8163879222627893	variance2	0.04831836614889969	0.002590116711462339	0.009469382251426762	min_time_thr	0.3639233617071488	0.3639233617071488	0.8515970683527903	numnum	380.0	9620.0	13459.391071638383
1	1000	9	0.006	0.006	300.0	1	4	mu0.016666666666666666	10000	3.5099126543974375	59.86570170076331	20000.0	2.4314452802556556	10000.0	4.588380028539259	10000.0	min_values	0.5	0.5	0.8387096774193549	data_size	209.68928988636003	144.29948056812412	275.0790992045941	variance	1.1370041803235145	0.8441305826971249	1.4298777779498992	variance2	1.960544427727621	0.48272235045065937	1.1121827508279718	min_time_thr	1.274869232278175	1.274869232278175	3.72259443599858	fair_avg	2.156768183702682E-9	9.24511511406699E-9	9.498235066141809E-9	fair_min	0.8599975961407922	0.9214201273610458	0.9499793333622175	numnum	519.0	9481.0	12832.855004593968
