1	0.004	0.004	300.0	1	10000	13.500201833166843	59.865704095391486	20000.0	12.605996035353572	10000.0	14.394407630980309	10000.0	min_values	0.6666666666666666	0.6666666666666666	1.7333333333333334	data_size	808.9588166436034	774.8153995212084	843.1022337659996	19249.046439113947
1	0.004	0.004	300.0	1	10000	17.10042894841285	59.865704095391486	20000.0	16.332406865079403	10000.0	17.868451031745884	10000.0	min_values	0.2222222222222222	0.2222222222222222	0.2222222222222222	data_size	1024.4933899256837	996.3732157067379	1052.6135641446197	19249.046439113947
1	0.004	0.004	300.0	1	10000	18.66546583333356	59.865704095391486	20000.0	17.99447499999997	10000.0	19.33645666666644	10000.0	min_values	2.6	2.6	2.6	data_size	1108.391011001894	1091.3782597758106	1125.403762227998	19249.046439113947
1	0.004	0.004	300.0	1	10000	10.685032519840767	59.865704095391486	20000.0	9.943728452381187	10000.0	11.426336587301849	10000.0	min_values	0.6923076923076923	2.0	0.6923076923076923	data_size	644.7702931270231	608.9827200393072	680.5578662147383	19249.046439113947
1	0.004	0.004	300.0	1	8	10000	10.633940778318408	59.865704095391486	20000.0	9.912087370130084	10000.0	11.355794186508115	10000.0	min_values	0.7777777777777778	1.0	0.7777777777777778	data_size	638.8833767455759	604.8879354673977	672.8788180237532	19249.046439113947
1	0.004	0.004	300.0	1	8	10000	2.5115487128745118	299.32850880314606	20000.0	2.4494339188099556	10000.0	2.573663506939032	10000.0	min_values	0.1875	0.5	0.1875	data_size	751.9702768888144	734.0923689417809	769.8481848358583	19342.68144496341
1	0.004	0.004	300.0	1	8	10000	10.310388706709606	59.86570170076344	20000.0	9.509612023809677	10000.0	11.111165389610582	10000.0	min_values	0.5833333333333334	1.75	0.5833333333333334	data_size	620.1523900156171	579.8063902923535	660.4983897388786	19249.046439095062
1	0.004	0.004	300.0	1	8	10000	11.1553372817454	59.86570170076344	20000.0	10.243605000000294	10000.0	12.067069563492362	10000.0	min_values	0.6923076923076923	1.1666666666666667	0.6923076923076923	data_size	669.6774536661002	625.1709617856667	714.1839455465415	19249.046439095062
1	0.004	0.004	300.0	1	8	10000	11.226730793650294	59.86570170076344	20000.0	10.40557750000027	10000.0	12.047884087301876	10000.0	min_values	0.6666666666666666	2.0	0.6666666666666666	data_size	674.4833331976874	633.1532174170414	715.8134489783429	19249.046439095062
1	0.004	0.004	300.0	1	8	10000	11.3665142658724	59.86570170076344	20000.0	10.521065000000286	10000.0	12.21196353174628	10000.0	min_values	0.8461538461538461	1.75	0.8461538461538461	data_size	686.5903478440188	649.0256639155541	724.1550317724946	19249.046439095062
1	0.004	0.004	300.0	1	8	10000	11.09179786445916	59.86570170076344	20000.0	10.447578543759002	10000.0	11.73601718515977	10000.0	min_values	0.8571428571428571	0.875	0.8571428571428571	data_size	664.7586225093864	625.5559074466117	703.9613375721632	19249.046439095062
1	0.004	0.004	300.0	1	8	10000	8.076844655979636	59.86570170076344	20000.0	8.023229707096261	10000.0	8.130459604862864	10000.0	min_values	0.3333333333333333	3.25	0.3333333333333333	data_size	482.2147533946696	479.4968817435967	484.93262504574506	19249.046439095062
1	0.004	0.004	300.0	1	8	10000	-7510.083152576405	59.86570170076344	20000.0	-8598.777752002336	10000.0	-6421.38855315041	10000.0	min_values	-1000000.0	-1000000.0	-1000000.0	data_size	-954454.0568570589	-1104314.649323557	-804593.4643905595	19249.046439095062
1	0.004	0.004	300.0	1	8	10000	7.549699680453491	59.86570170076344	20000.0	7.416661747615092	10000.0	7.682737613291813	10000.0	min_values	-1000000.0	-1000000.0	-1000000.0	data_size	441.93288781501565	429.94969475534384	453.9160808746908	19249.046439095062
1	0.004	0.004	300.0	1	8	10000	8.095191435416904	59.86570170076344	20000.0	7.965522063117024	10000.0	8.224860807716796	10000.0	min_values	0.4	0.4	0.4	data_size	476.256525296599	464.84446637779484	487.6685842154085	19249.046439095062
1	0.004	0.004	300.0	1	8	10000	-8729.469580155452	59.86570170076344	20000.0	-9069.94741851255	10000.0	-8388.991741798425	10000.0	min_values	-1000000.0	-1000000.0	-1000000.0	data_size	-1127939.845959475	-1158205.7412285802	-1097673.9506903754	19249.046439095062
1	0.004	0.004	300.0	1	8	10000	7.177761801694808	59.86570170076344	20000.0	7.1043695067316515	10000.0	7.251154096657934	10000.0	min_values	0.4	0.4	0.4	data_size	421.89934202849383	415.5125329948251	428.28615106216046	19249.046439095062
1	0.004	0.004	300.0	1	8	10000	7.109444824542181	59.86570170076344	20000.0	7.023234845762979	10000.0	7.195654803321386	10000.0	min_values	0.375	2.1666666666666665	0.375	data_size	425.6380060418078	420.0898602448871	431.1861518387356	19249.046439095062
1	0.004	0.004	300.0	1	8	10000	7.3887274216154895	59.86570170076344	20000.0	7.261489725189155	10000.0	7.515965118041837	10000.0	min_values	0.4375	3.25	0.4375	data_size	441.0090646189357	433.4619685777162	448.55616066015904	19249.046439095062
1	0.004	0.004	300.0	1	8	10000	7.705138451773646	59.86570170076344	20000.0	7.599363839549644	10000.0	7.810913063997679	10000.0	min_values	3.25	3.25	3.375	data_size	461.86296956094463	454.7358442224102	468.99009489947764	19249.046439095062
1	0.004	0.004	50.0	1	8	10000	7.505362330073234	59.86570170076344	20000.0	7.577606517794929	10000.0	7.433118142351552	10000.0	min_values	3.375	3.375	3.375	data_size	451.03160119310405	457.8740676219027	444.1891347643126	19249.046439095062
1	0.004	0.004	300.0	1	8	10000	7.160677221841118	59.86570170076344	20000.0	7.069009926696072	10000.0	7.252344516986149	10000.0	min_values	3.25	3.25	3.25	data_size	427.46335173373325	421.63612634249085	433.2905771249783	19249.046439095062
1	0.004	0.004	300.0	1	8	10000	9.044174737669978	59.86570170076344	20000.0	8.972075914457806	10000.0	9.11627356088231	10000.0	min_values	3.375	3.375	3.375	data_size	539.4293970081482	532.6098028538519	546.248991162447	19249.046439095062
1	0.004	0.004	300.0	1	8	10000	8.604940169719773	59.86570170076344	20000.0	8.562265266506838	10000.0	8.647615072932664	10000.0	min_values	3.25	3.25	3.375	data_size	513.2428371245501	508.9551386251298	517.5305356239706	19249.046439095062
1	0.004	0.004	300.0	1	8	10000	9.864031204182293	59.86570170076344	20000.0	9.784202086157741	10000.0	9.943860322207108	10000.0	min_values	4.5	4.5	4.5	data_size	588.8694646156453	584.9191118317761	592.819817399513	19249.046439095062
1	0.004	0.004	300.0	1	8	10000	9.304250069663912	59.86570170076344	20000.0	9.212811029697127	10000.0	9.395689109630931	10000.0	min_values	3.375	3.375	3.375	data_size	555.435336036505	550.616021004038	560.2546510689609	19249.046439095062
1	0.004	0.004	300.0	1	8	10000	9.478201537656593	59.86570170076344	20000.0	9.401674122638793	10000.0	9.55472895267473	10000.0	min_values	3.375	3.375	4.333333333333333	data_size	565.5808283147247	561.7777544356571	569.3839021938032	19249.046439095062
1	0.004	0.004	300.0	1	8	10000	8.425042868660519	59.86570170076344	20000.0	8.370979016446872	10000.0	8.479106720874086	10000.0	min_values	2.25	3.0	2.25	data_size	504.47249591422667	501.4208147240376	507.52417710440915	19249.046439095062
1	0.004	0.004	300.0	1	8	10000	9.114196711119293	59.86570170076344	20000.0	9.054477994589	10000.0	9.173915427649689	10000.0	min_values	0.5	3.7142857142857144	0.5	data_size	544.3156644256367	539.6140699814854	549.0172588697861	19249.046439095062
1	0.004	0.004	300.0	1	8	10000	9.007507603094759	59.86570170076344	20000.0	8.930505046456126	10000.0	9.084510159733572	10000.0	min_values	0.5384615384615384	3.375	0.5384615384615384	data_size	539.4820590816955	534.8791979334673	544.0849202299291	19249.046439095062
1	0.004	0.004	300.0	1	8	10000	9.041155964165183	59.86570170076344	20000.0	8.940996149603844	10000.0	9.141315778726636	10000.0	min_values	0.5294117647058824	3.7142857142857144	0.5294117647058824	data_size	540.8428295718604	534.8244528816458	546.8612062620821	variance	7.138184746576088	6.602513483759572	7.673856009393044	19249.046439095062
1	0.004	0.004	300.0	1	8	10000	9.032833143247721	59.86570170076344	20000.0	8.961887686522665	10000.0	9.103778599972971	10000.0	min_values	0.5625	3.0	0.5625	data_size	542.4291618692273	536.7479403662102	548.1103833722501	variance	7.264499120842843	6.834281814883814	7.694716426802227	variance2	5.5390256005504765	5.612030715980794	5.455953969460204	19249.046439095062
1	0.004	0.004	300.0	1	8	10000	8.648530746189463	59.86570170076344	20000.0	8.605489558352089	10000.0	8.691571934026902	10000.0	min_values	0.5294117647058824	3.25	0.5294117647058824	data_size	516.5243279056751	513.1848084049591	519.8638474063928	variance	6.787409670015918	6.572100232004565	7.002719108027579	variance2	5.042865369075174	4.998332212766052	5.083693437683798	19249.046439095062
1	0.004	0.004	300.0	1	8	10000	9.02581546507907	59.86570170076344	20000.0	8.95524310734031	10000.0	9.096387822818151	10000.0	min_values	0.3333333333333333	2.7	0.3333333333333333	data_size	538.4240607835717	534.0573563848814	542.7907651822594	variance	7.290828244955503	6.7690353152194715	7.812621174692051	variance2	5.424506332045372	5.343250393342027	5.495801355395003	min_time_thr	5.5397445919692165	5.838608103945337	5.240881079992764	19249.046439095062
1	0.004	0.004	300.0	1	8	10000	-6014.997081878288	59.86570170076344	20000.0	-5770.281316284701	10000.0	-6259.712847472045	10000.0	min_values	-1000000.0	-1000000.0	-1000000.0	data_size	-795017.3528876065	-707015.3659896485	-883019.339785569	variance	2.490765774727453E9	2.4886126022395377E9	2.4929189472152944E9	variance2	3.376832941394474E9	3.19623368528548E9	3.557312425891286E9	min_time_thr	-6039.303233865543	-5819.749107608509	-6258.857360122676	19249.046439095062
1	0.004	0.004	300.0	1	8	10000	9.089660606011112	59.86570170076344	20000.0	8.900665696158555	10000.0	9.27865551586385	10000.0	min_values	0.8666666666666666	0.8666666666666666	0.8666666666666666	data_size	536.1860309103218	523.0984292667044	549.2736325539364	variance	6.985097388392652	6.895696634763094	7.07449814202265	variance2	6.942319799850227	6.541878687543879	7.271322760256304	min_time_thr	5.669214428187892	5.811955808171753	5.526473048203864	19249.046439095062
1	0.004	0.004	300.0	1	8	10000	8.84814871630075	59.86570170076344	20000.0	8.711046242648644	10000.0	8.985251189952924	10000.0	min_values	0.6363636363636364	3.375	0.6363636363636364	data_size	528.701631179718	520.6795593493903	536.7237030100497	variance	6.980769988341164	6.491749518385798	7.469790458296858	variance2	5.094795631890069	4.994214975954161	5.157782111262538	min_time_thr	5.4101345890454215	5.728300884200639	5.091968293890041	19249.046439095062
1	0.004	0.004	300.0	1	8	10000	9.117745196261687	59.86570170076344	20000.0	9.056719684292528	10000.0	9.178770708230974	10000.0	min_values	3.142857142857143	3.5	3.142857142857143	data_size	544.2654508703315	539.6446417408582	548.8862599998046	variance	5.886649130018891	5.8320752558096425	5.941223004228484	variance2	6.1612479952276535	6.2368369765170195	6.078210787714991	min_time_thr	5.981081714583239	6.3091273006082185	5.653036128557968	19249.046439095062
1	0.004	0.004	300.0	1	8	10000	8.663600154108707	59.86570170076344	20000.0	8.599289720053374	10000.0	8.727910588164221	10000.0	min_values	2.75	3.375	2.75	data_size	517.6912409774776	514.2658972730645	521.1165846818853	variance	5.487576758335365	5.472771474267026	5.502382042403986	variance2	4.82607377179022	4.783921380818366	4.859954498905282	min_time_thr	5.619452724252142	5.8889128640220685	5.349992584482009	19249.046439095062
1	0.004	0.004	300.0	1	8	10000	9.450359914540583	59.86570170076344	20000.0	9.379233474091025	10000.0	9.52148635499035	10000.0	min_values	3.375	3.375	3.375	data_size	565.5983742637466	560.8525940724893	570.3441544550058	variance	6.534788545809485	6.498028069982347	6.571549021637041	variance2	5.693691154130435	5.825649831058526	5.551614536140016	min_time_thr	6.1097318382165895	6.470203682316012	5.749259994116804	19249.046439095062
1	0.004	0.004	300.0	1	8	10000	8.990790949651693	59.86570170076344	20000.0	8.925743196576999	10000.0	9.05583870272655	10000.0	min_values	2.75	3.0	2.75	data_size	536.1392154048305	531.0440829617071	541.2343478479524	variance	6.087291292674955	6.003018279826443	6.171564305523891	variance2	6.074377365668167	6.144295634543067	5.995996676434096	min_time_thr	5.875019100703159	6.13760686667749	5.6124313347285675	19249.046439095062
1	0.004	0.004	300.0	1	8	10000	9.205616177040262	59.86570170076344	20000.0	9.176039757954438	10000.0	9.235192596126208	10000.0	min_values	2.4444444444444446	3.5	2.4444444444444446	data_size	549.7890321963507	547.1381758875578	552.4398885051514	variance	6.261927943395796	6.307820538128842	6.2160353486631195	variance2	6.049811434007991	5.9699567248766705	6.127916614007254	min_time_thr	6.037316941201403	6.27204034294608	5.802593539456475	19249.046439095062
1	0.004	0.004	300.0	1	8	10000	8.999302119552835	59.86570170076344	20000.0	8.933926540461497	10000.0	9.064677698644312	10000.0	min_values	3.142857142857143	3.25	3.142857142857143	data_size	537.0708471523643	532.2049137963395	541.9367805083891	variance	5.867439851734484	5.918301920927471	5.8165777825418274	variance2	5.580486415148927	5.69684957904781	5.455575318566869	min_time_thr	5.9389370029385145	6.223414661987478	5.6544593438893	19249.046439095062
1	0.004	0.004	300.0	1	8	10000	9.04183849777959	59.86570170076344	20000.0	8.956015712066325	10000.0	9.127661283492976	10000.0	min_values	2.75	3.25	2.75	data_size	540.8669523293335	535.4271077210575	546.306796937611	variance	5.983470877257263	5.959545556191698	6.00739619832326	variance2	5.733236799347996	5.626171257633148	5.825571239967811	min_time_thr	0.37367237148227933	0.3033021101126894	0.16749503575703253	19249.046439095062
1	1000	0.004	0.004	300.0	1	8	10000	9.115697136064451	59.86570170076344	20000.0	9.049543309044514	10000.0	9.181850963084475	10000.0	min_values	3.3	3.375	3.3	data_size	545.0662602373586	540.489575811904	549.6429446628185	variance	6.144613311704727	6.0887987315134655	6.200427891896315	variance2	6.020498037731325	5.954455541538771	6.077787876265965	min_time_thr	0.012429858696110192	0.01271235548465815	0.012429858696110192	19249.046439095062
1	1000	0.004	0.004	300.0	1	8	10000	10.908206729514543	59.86570170076344	20000.0	10.844352755271311	10000.0	10.972060703758293	10000.0	min_values	4.5	4.5	4.5	data_size	652.3897638356673	648.5534165956382	656.2261110756915	variance	8.125663221671749	7.8430115288859525	8.40831491445834	variance2	7.074509731533482	6.98699095403673	7.153873848977296	min_time_thr	0.05165353402033819	0.029662026201214265	0.05165353402033819	19249.046439095062
1	1000	0.004	0.004	300.0	1	8	10000	10.551791186927913	59.86570170076344	20000.0	10.506464652673825	10000.0	10.597117721182665	10000.0	min_values	4.5	4.5	4.5	data_size	630.9263299307463	628.205277051683	633.6473828098132	variance	7.644166134687752	7.60851402877539	7.6798182406009845	variance2	6.869388983797032	6.909665277012017	6.825003701167638	min_time_thr	0.05777145207687477	0.05777145207687477	0.038303950123371705	19249.046439095062
1	1000	0.006	0.006	300.0	1	2	10000	1.4339306690778617	59.86570170076331	20000.0	1.4280816741711713	10000.0	1.4397796639845135	10000.0	min_values	0.625	0.625	0.625	data_size	85.85685367091575	85.06356541436074	86.6501419274716	variance	0.5147746218663477	0.5283578454540807	0.5011913982785922	variance2	0.06500672990859757	0.06640267715181734	0.06354236118254088	min_time_thr	0.002641194425942683	0.002641194425942683	0.0017949637160242554	12832.855004593968
1	1000	0.006	0.006	300.0	1	8	10000	7.9479333785025945	59.86570170076331	20000.0	7.918026144916608	10000.0	7.9778406120886025	10000.0	min_values	4.333333333333333	4.333333333333333	4.333333333333333	data_size	475.1438284023206	472.0329027542862	478.2547540503439	variance	5.293381325410404	5.449836354277474	5.136926296543715	variance2	2.565011358997194	2.613949536392797	2.5142842963601564	min_time_thr	0.09379430752075288	0.09379430752075288	0.07348968745817594	12832.855004593968
1	1000	0.006	0.006	300.0	1	8	10000	7.266729176142611	59.86570170076331	20000.0	7.2546799123641525	10000.0	7.2787784399209805	10000.0	min_values	3.375	4.333333333333333	3.375	data_size	435.25047302495113	433.3488304759403	437.15211557396043	variance	4.405762692095505	4.522914411371032	4.288610972820066	variance2	2.039876920401668	2.0671208931624188	2.012342578125868	min_time_thr	0.07916671145266464	0.07618424552180947	0.07916671145266464	12832.855004593968
1	1000	0.006	0.006	300.0	1	8	10000	7.209637287906844	59.86570170076331	20000.0	7.18451192940694	10000.0	7.234762646406704	10000.0	min_values	3.375	3.375	3.375	data_size	431.37765640129373	428.65167491673657	434.1036378858546	variance	4.4875911608289165	4.65565883638332	4.319523485274615	variance2	2.222700755104139	2.2798367934575015	2.1643021494714807	min_time_thr	4.798682051988907	4.802768550704241	6.282156355007024	12832.855004593968
2	1000	0.006	0.006	300.0	1	8	10000	7.249544344148461	59.81908281619	20000.0	7.212206671086681	10000.0	7.286882017210139	10000.0	min_values	3.8541666666666665	3.8541666666666665	3.8541666666666665	data_size	433.51835291678384	428.6642128193296	438.3724930142346	variance	4.44085479048184	4.487375854459501	4.39433372650427	variance2	2.181511188259905	2.226982910376524	2.1332449054307165	min_time_thr	-531.6481595150883	-531.6429173123848	6.222252648452074	12610.16030996446
2	1000	0.006	0.006	300.0	1	8	10000	7.144895677443117	59.81908281619	20000.0	7.119270510705365	10000.0	7.170520844180725	10000.0	min_values	2.5	2.583333333333333	2.5	data_size	426.8789520263278	423.02676586086545	430.73113819178735	variance	4.336412565499194	4.432512280384524	4.240312850613952	variance2	2.194335937842422	2.190715215288244	2.19661186843305	min_time_thr	4.659035657641031	4.666845735475848	6.130479947891887	12610.16030996446
2	1000	0.006	0.006	300.0	1	8	10000	7.234850334694607	59.81908281619	20000.0	7.202335446896018	10000.0	7.267365222493174	10000.0	min_values	3.3125	3.3125	3.3125	data_size	432.58949130557573	428.46478906900575	436.71419354214663	variance	4.29829208110776	4.351942899892822	4.24464126232275	variance2	2.123955171744612	2.161434446182627	2.084307584824777	min_time_thr	4.835849363106611	4.841270804303679	6.168382914251148	12610.16030996446
3	1000	0.006	0.006	300.0	1	8	10000	7.0547619598888	60.117140620924864	20000.0	7.02782342460354	10000.0	7.081700495173931	10000.0	min_values	3.3214285714285716	3.4464285714285716	3.3214285714285716	data_size	423.88974426962477	423.8211961008723	423.9582924383737	variance	4.1786239305623925	4.289475834680644	4.067772026444228	variance2	2.0511252493303442	2.124026280542585	1.9767664576473918	min_time_thr	4.710989576172107	4.716761243579659	6.063082873797559	12665.133495217107
5	1000	0.006	0.006	300.0	1	8	10000	7.223641595753685	60.410638599862885	20000.0	7.201863018521233	10000.0	7.245420172985993	10000.0	min_values	3.35	3.35	3.442857142857143	data_size	436.1499481911984	436.26478130469934	436.0351150776999	variance	4.339176754251831	4.421393070714275	4.256960437789447	variance2	1.9504659517250431	1.97544291086304	1.924484419996047	min_time_thr	4.80067625023443	4.807108245254914	6.17913236705297	12704.410871421715
5	1000	0.006	0.006	300.0	1	8	10000	7.305396378285283	60.410638599862885	20000.0	7.284155970961237	10000.0	7.326636785609232	10000.0	min_values	3.417857142857143	3.417857142857143	3.417857142857143	data_size	441.07162477456495	441.2156701787047	440.9275793704255	variance	4.549603343325748	4.671492375078889	4.427714311572664	variance2	2.0697847342576816	2.119274240742341	2.018867101793769	min_time_thr	4.765459359105051	4.769538347229577	6.291836863685221	12704.410871421715
2	1000	0.006	0.006	300.0	1	8	10000	7.292916055305833	59.81908281619	20000.0	7.25646878878489	10000.0	7.329363321826666	10000.0	min_values	3.25	3.25	3.25	data_size	435.81724734990974	431.11076143758953	440.5237332622319	variance	4.47641212695523	4.5729141318609745	4.37991012204961	variance2	2.0494323969979265	2.084709499774075	2.0109826995648676	min_time_thr	4.844272801325367	4.852001575859489	6.275519088687354	12610.16030996446
1	1000	0.006	0.006	300.0	1	8	10000	7.210094434574459	59.86570170076331	20000.0	7.175939527687517	10000.0	7.244249341461221	10000.0	min_values	3.375	3.375	3.375	data_size	431.09109192305795	427.73262728978864	434.4495565563285	variance	4.359290548255103	4.426202287527841	4.292378808982473	variance2	2.1500961648386654	2.180941631965489	2.1169175823829884	min_time_thr	4.732367964762957	4.741521519106111	6.068687050462751	12832.855004593968
1	1000	0.004	0.004	300.0	1	4	10000	4.8612549812510375	59.86570170076344	20000.0	4.724195627536238	10000.0	4.998314334966133	10000.0	min_values	2.1666666666666665	2.1666666666666665	2.1666666666666665	data_size	290.8476663907979	282.45706493639085	299.23826784520423	variance	1.7739484845504343	1.6886425726715433	1.8592543964294146	variance2	1.3009764909274633	1.1370765131724718	1.4273059358009952	min_time_thr	2.986176372642141	2.9875777914678383	4.374338416337934	19249.046439095062
1	1000	0.004	0.004	300.0	1	4	10000	5.1806953092550545	60.0339299489203	20000.0	5.053660191396507	10000.0	5.3077304271138495	10000.0	min_values	2.1666666666666665	2.1666666666666665	2.1666666666666665	data_size	311.07129190624613	309.7691410997875	312.3734427127067	variance	1.8481820758732166	1.848997636590607	1.847366515155902	variance2	1.6065020176015499	1.5572636748942896	1.623464517970008	min_time_thr	3.194723791680259	3.1966385419578662	4.428814495208234	numnum	6128.0	3872.0	31923.23486795963
1	1000	0.004	0.004	300.0	1	4	10000	4.386736178682863	59.86570170076344	20000.0	4.364713320384022	10000.0	4.408759036982008	10000.0	min_values	2.1666666666666665	2.1666666666666665	2.1666666666666665	data_size	262.7512787172788	261.23414752435997	264.2684099102026	variance	1.5853537361925667	1.504586206881238	1.666121265503989	variance2	1.0314822493936842	1.0099549626383115	1.0520395235737556	min_time_thr	-864.2184644841506	-864.2122344334744	3.708667332594377	numnum	8432.0	1568.0	19249.046439095062
1	1000	0.006	0.006	300.0	1	4	10000	3.1052970216512468	59.86570170076331	20000.0	3.09472875527799	10000.0	3.1158652880245405	10000.0	min_values	1.625	1.625	1.6875	data_size	185.72063324828005	184.56509640531849	186.87617009123977	variance	1.0657760493677295	1.050461723724908	1.0810903750105234	variance2	0.4107165960902546	0.4164069741764022	0.4048028414958518	min_time_thr	2.1203816872770287	2.1211368160554076	2.6537207641156133	numnum	8366.0	1634.0	12832.855004593968
1	1000	0.012	0.006	300.0	1	4	10000	2.414099464640167	60.07851361270116	20000.0	2.3271120932707685	10000.0	2.501086836009693	10000.0	min_values	1.3	1.3	1.5	data_size	144.6814416347603	141.13388437633878	148.22899889318194	variance	0.9097864400562028	0.9340405534019867	0.8855323267104032	variance2	0.18154293844226432	0.149398885219419	0.1985533861095861	min_time_thr	1.762642087109736	1.764938111341575	2.153358086523545	numnum	6542.0	3458.0	21119.997185570734
1	1000	0.006	0.006	300.0	1	4	10000	2.985806406418024	59.86570170076331	20000.0	2.9637519884075276	10000.0	3.0078608244286484	10000.0	min_values	1.5	1.5	1.5	data_size	178.66977675121672	177.07740421466926	180.2621492877626	variance	0.9992999100258474	0.9671834168640931	1.0314164031875817	variance2	0.35846828735355457	0.3651024793377682	0.35086130066176213	min_time_thr	2.038709736552587	2.0432915026533376	2.405247677504734	numnum	7312.0	2688.0	12832.855004593968
1	1000	5	0.006	0.006	300.0	1	4	10000	3.300035962284548	59.86570170076331	20000.0	3.2329980611076348	10000.0	3.3670738634615534	10000.0	min_values	1.6875	1.6875	1.7857142857142858	data_size	197.85901158171157	193.71183637929101	202.006186784134	variance	1.0872431003291358	1.0533083786258295	1.1211778220324082	variance2	0.45268977060250254	0.45407572217041836	0.44231565864618677	min_time_thr	2.1790787085825976	2.1824937265308773	2.6816432918632693	numnum	6562.0	3438.0	12832.855004593968
2	1000	5	0.006	0.006	300.0	1	4	10000	3.0879214998150246	59.81908281619	20000.0	3.040887018204116	10000.0	3.1349559814260237	10000.0	min_values	1.59375	1.59375	1.6166666666666667	data_size	184.8207757479479	181.22875928389175	188.4127922120059	variance	1.0169651735607212	0.9896656416592321	1.0442647054621845	variance2	0.4087707931135858	0.4109090509618157	0.40181620300664	min_time_thr	2.067273965658198	2.0700726341701223	2.5119769494175395	numnum	6994.0	3006.0	12610.16030996446
1	1000	5	0.006	0.006	300.0	1	4	10000	3.1425238382238256	59.86570170076331	20000.0	3.0948119304086785	10000.0	3.1902357460390367	10000.0	min_values	1.625	1.625	1.625	data_size	188.13170122700126	184.61679812633315	191.64660432766996	variance	1.0278627501161715	1.00885175428395	1.046873745948379	variance2	0.41703282672012554	0.42104749612127973	0.4084653050242262	min_time_thr	2.1148259140208023	2.1192617674683034	2.5624166383286826	numnum	6892.0	3108.0	12832.855004593968
1	1000	5	0.004	0.004	300.0	1	4	10000	4.8740262901857765	59.86570170076344	20000.0	4.642289542539449	10000.0	5.105763037832146	10000.0	min_values	2.0	2.0	2.0	data_size	291.77645307522437	278.033652924382	305.5192532260693	variance	1.775570549829186	1.5894720493648502	1.9616690502936054	variance2	1.3795943972878286	1.082448570393022	1.5693363837630425	min_time_thr	3.028844303434856	3.031050465259081	4.115559275240786	numnum	5555.0	4445.0	19249.046439095062
1	1000	5	0.006	0.006	300.0	1	4	100000	3.451404445145796	60.242689729670246	200000.0	3.3574167401648616	100000.0	3.545392150127716	100000.0	min_values	1.5	1.5	1.5	data_size	208.12515585223798	203.72454486483764	212.52576683962428	variance	1.154935647758867	1.146848496828978	1.1630227986888555	variance2	0.501880821291916	0.4904553686058495	0.4956388966028266	min_time_thr	2.249911359529587	2.2522981804234	2.8878902061039278	numnum	59367.0	40633.0	64773.84560772292
1	1000	5	0.006	0.006	300.0	1	4	10000	3.236583226244059	59.86570170076331	20000.0	3.205824377157729	10000.0	3.2673420753304447	10000.0	min_values	1.625	1.625	1.625	data_size	193.74330437684583	191.29232031084933	196.19428844284263	variance	1.084095726018557	1.0741400352676722	1.0940514167694229	variance2	0.42379792915717607	0.44586729347562615	0.3998363512444802	min_time_thr	2.1790186597705516	2.1839594638431765	2.6032283608551476	numnum	7217.0	2783.0	12832.855004593968
1	1000	5	0.006	0.006	300.0	1	4	10000	3.547941719610986	59.86570170076331	20000.0	3.405114039676384	10000.0	3.6907693995456254	10000.0	min_values	1.5	1.5	1.5	data_size	212.56105306229264	203.46150249056885	221.66060363401607	variance	1.1621295819584925	1.1436430002627194	1.1806161636542893	variance2	0.54904397357027	0.5103499296201939	0.5469385252093539	min_time_thr	2.26021125745283	2.262926066419955	2.9548080384458566	numnum	5348.0	4652.0	12832.855004593968
1	1000	5	0.006	0.006	300.0	1	4	10000	3.080475520220229	59.86570170076331	20000.0	3.0506145903571955	10000.0	3.1103364500833406	10000.0	min_values	1.1666666666666667	1.1666666666666667	1.1666666666666667	data_size	184.34359571059085	181.8768682284473	186.81032319273302	variance	1.0375992031515262	1.0161000042861827	1.0590984020168468	variance2	0.3993932415590485	0.4075467168124765	0.38945641604102244	min_time_thr	2.0937544299589796	2.0962633150399346	2.515795178858985	numnum	7349.0	2651.0	12832.855004593968
1	1000	3	0.006	0.006	300.0	1	4	10000	3.1241924563539962	59.86570170076331	20000.0	3.1139696109802766	10000.0	3.1344153017278016	10000.0	min_values	1.5	1.5	1.5	data_size	186.83401616626955	185.2318029596743	188.43622937286102	variance	1.1000369834667008	1.1031664326941057	1.096907534239282	variance2	0.42245819510654836	0.43047387575029933	0.41423350132771375	min_time_thr	2.1367512506579813	2.139340297293295	2.686128325466789	numnum	8331.0	1669.0	12832.855004593968
1	1000	9	0.006	0.006	300.0	1	4	10000	3.3107193259548175	59.86570170076331	20000.0	3.1309909741653277	10000.0	3.4904476777444784	10000.0	min_values	1.3333333333333333	1.3333333333333333	1.3333333333333333	data_size	198.516049446964	187.5530720340004	209.47902685992756	variance	1.0419692027967462	0.9731964548589491	1.1107419507345313	variance2	0.5662358782504354	0.45746453431501566	0.6104026613118781	min_time_thr	2.0710794508292407	2.072196601662369	2.575761648911055	numnum	4370.0	5630.0	12832.855004593968
1	1000	9	0.006	0.006	300.0	1	4	10000	3.4244325772352706	59.86570170076331	20000.0	3.2421760643505726	10000.0	3.6066890901200335	10000.0	min_values	1.4444444444444444	1.4444444444444444	1.625	data_size	205.17609389525413	194.46659242680965	215.88559536369812	variance	1.0674208280034507	0.9871289688157724	1.1477126871911147	variance2	0.5603803373643883	0.464515935060214	0.5898098666907716	min_time_thr	2.139781808362798	2.1424552454959565	2.7142231560779924	numnum	4153.0	5847.0	12832.855004593968
1	1000	9	0.006	0.006	300.0	1	4	10000	2.9861475813008935	59.86570170076331	20000.0	2.911872366711806	10000.0	3.0604227958901298	10000.0	min_values	1.4285714285714286	1.4285714285714286	1.4444444444444444	data_size	178.8700967180088	174.55456480439037	183.185628631628	variance	0.9352472930137685	0.8828460427732753	0.9876485432542184	variance2	0.42803014829467545	0.3925686006154768	0.45245808096936935	min_time_thr	1.9285512970856984	1.9294426932868778	2.2608392466799105	numnum	6281.0	3719.0	12832.855004593968
1	1000	9	0.006	0.006	300.0	1	4	10000	3.2015850880221945	59.86570170076331	20000.0	3.0921515442054788	10000.0	3.3110186318390618	10000.0	min_values	1.5	1.5	1.5	data_size	191.49194948584545	185.16126256037703	197.82263641131604	variance	1.037874362107822	0.9740220329893771	1.1017266912262338	variance2	0.508447394845704	0.4310228847108373	0.561920503955962	min_time_thr	2.065748084658347	2.0679355231211476	2.4679410762494434	numnum	5262.0	4738.0	12832.855004593968
1	1000	4	0.006	0.006	300.0	1	4	10000	3.0853771266722365	59.86570170076331	20000.0	3.056563066678402	10000.0	3.114191186666183	10000.0	min_values	1.3333333333333333	1.3333333333333333	1.3333333333333333	data_size	185.08614569493452	182.4713471190893	187.70094427078237	variance	1.0391840382285482	1.0307031869957781	1.0476648894612681	variance2	0.38541252649954816	0.381682918707849	0.38748163418460224	min_time_thr	2.0855100073984847	2.086051738336132	2.616939237051161	numnum	7704.0	2296.0	12832.855004593968
1	1000	4	0.006	0.006	300.0	1	4	10000	3.2181762668350937	59.86570170076331	20000.0	3.1872591367201633	10000.0	3.249093396950127	10000.0	min_values	1.625	1.625	1.625	data_size	193.12085371528883	190.95842007496864	195.28328735561075	variance	1.1135621125148354	1.1057422579925686	1.1213819670370957	variance2	0.4393942465446689	0.4289448947831965	0.4479318604370374	min_time_thr	2.168322478413431	2.1710616821110724	2.716069399274101	numnum	7766.0	2234.0	12832.855004593968
1	1000	9	0.006	0.006	300.0	1	4	10000	3.1440724905624964	59.86570170076331	20000.0	3.0460793535185298	10000.0	3.2420656276066	10000.0	min_values	1.625	1.625	1.625	data_size	188.27660657297812	182.53742043817718	194.01579270778018	variance	1.0083258651690545	0.9564764745031141	1.0601752558349742	variance2	0.4952266665606354	0.4427636397868064	0.5284843835189489	min_time_thr	2.0721831221215	2.074705387005819	2.449138998804327	numnum	5572.0	4428.0	12832.855004593968
1	1000	9	0.006	0.006	300.0	1	4	10000	3.101158807255351	59.86570170076331	20000.0	2.99600040168066	10000.0	3.206317212830169	10000.0	min_values	1.3333333333333333	1.3333333333333333	1.5	data_size	185.9816159123945	179.93113823158865	192.03209359320226	variance	0.972808205591367	0.9019407353329896	1.043675675849714	variance2	0.4503562051945884	0.40392324784185907	0.4746725820212547	min_time_thr	2.0150989121121747	2.0160366452526266	2.412875702776355	numnum	5389.0	4611.0	12832.855004593968
1	1000	9	0.006	0.006	300.0	1	4	10000	3.054867406961222	59.86570170076331	20000.0	2.9426511696088333	10000.0	3.1670836443138133	10000.0	min_values	1.2857142857142858	1.2857142857142858	1.2857142857142858	data_size	182.79808341778923	176.16698807745047	189.42917875812978	variance	0.9840266403945348	0.9281411616983086	1.0399121190907314	variance2	0.4384551390408905	0.38485871733874977	0.4668665928919076	min_time_thr	1.9861033396558143	1.9874921480099914	2.367725202754963	numnum	5503.0	4497.0	12832.855004593968
1	1000	9	0.006	0.006	300.0	1	4	10000	3.002107814289101	59.86570170076331	20000.0	2.9046490543698003	10000.0	3.0995665742085245	10000.0	min_values	1.3333333333333333	1.3333333333333333	1.625	data_size	179.92851909638065	174.31199686455787	185.54504132819955	variance	0.9513452910083849	0.9127335580267955	0.9899570239899597	variance2	0.4583367337474243	0.41990604344171634	0.47777100428307856	min_time_thr	1.935087257842754	1.9365021816207777	2.316134739705618	numnum	5274.0	4726.0	12832.855004593968
1	1000	9	0.006	0.006	300.0	1	4	10000	3.1160529594102897	59.86570170076331	20000.0	3.0580012490608226	10000.0	3.1741046697598745	10000.0	min_values	1.5833333333333333	1.5833333333333333	1.5833333333333333	data_size	186.7688372672124	183.2607022949509	190.27697223947686	variance	1.0126938880485004	0.9701651110825241	1.0552226650144425	variance2	0.4300339130204532	0.423609646725236	0.4297181771666632	min_time_thr	2.0248183591711433	2.0274009018141137	2.365841319385095	numnum	6303.0	3697.0	12832.855004593968
1	1000	9	0.006	0.006	300.0	1	4	10000	3.014912723815142	59.86570170076331	20000.0	2.947482633512542	10000.0	3.082342814117901	10000.0	min_values	1.5833333333333333	1.5833333333333333	1.5833333333333333	data_size	180.6508225446836	176.8636098055919	184.43803528377555	variance	0.9595356123385518	0.890819032441035	1.0282521922360242	variance2	0.42397994863938704	0.39740367442420554	0.44146258869811233	min_time_thr	1.9471075354099272	1.9493974970635424	2.280538068264107	numnum	6196.0	3804.0	12832.855004593968
1	1000	9	0.006	0.006	300.0	1	4	10000	3.25056500678107	59.86570170076331	20000.0	3.1408471300295435	10000.0	3.360282883532667	10000.0	min_values	1.625	1.7333333333333334	1.625	data_size	194.59982679881637	188.12048717601775	201.07916642161743	variance	1.0587640517002546	0.9997157173997068	1.1178123860007736	variance2	0.4960618800614691	0.4594721199051783	0.508575615260014	min_time_thr	2.106733232185368	2.108079673991458	2.470457463254311	numnum	5336.0	4664.0	12832.855004593968
1	1000	9	0.006	0.006	300.0	1	4	10000	3.1598998754441725	59.86570170076331	20000.0	3.062360656360857	10000.0	3.2574390945276317	10000.0	min_values	1.4444444444444444	1.4444444444444444	1.6923076923076923	data_size	189.03347031165234	183.05392558013696	195.0130150431668	variance	1.0142913925879813	0.9525444345683162	1.0760383506076332	variance2	0.4540638948708028	0.4281682227333206	0.46093176848947015	min_time_thr	2.0475080204500333	2.049317400936603	2.452910224355939	numnum	5489.0	4511.0	12832.855004593968
1	1000	9	0.006	0.006	300.0	1	4	10000	3.1398229524892196	59.86570170076331	20000.0	3.036095100390262	10000.0	3.2435508045883386	10000.0	min_values	1.4444444444444444	1.4444444444444444	1.4444444444444444	data_size	187.94388413454232	181.8079067421318	194.07986152695113	variance	1.0278737273584952	0.983128224751285	1.0726192299657054	variance2	0.4959963658832846	0.4587742082502651	0.5116995889141797	min_time_thr	2.0258099173677837	2.0272048764343356	2.407634091824857	numnum	5409.0	4591.0	12832.855004593968
1	1000	9	0.006	0.006	300.0	1	4	mu0.016666666666666666	10000	3.1274942987296863	59.86570170076331	20000.0	3.041091562101169	10000.0	3.2138970353584053	10000.0	min_values	22.0	1.4444444444444444	1.5833333333333333	data_size	187.41741180416219	182.4636727003151	192.37115090801174	variance	1.0155860106173904	0.9555152952089052	1.0756567260258405	variance2	0.45687929419320505	0.4308577603086176	0.46796996228397686	min_time_thr	2.0156644893494247	2.017541143469055	2.3957055669355998	numnum	5640.0	4360.0	12832.855004593968
1	1000	9	0.006	0.006	300.0	1	100	mu0.016666666666666666	10000	14.03031674253826	59.86570170076331	20000.0	13.881486079924239	10000.0	14.17914740515251	10000.0	min_values	6.75	6.75	8.666666666666666	data_size	838.9873548492884	826.7442919906814	851.2304177079003	variance	18.200268282687322	19.13445896014728	17.266077605228084	variance2	9.708596926495044	10.11181700464382	9.261075716077475	min_time_thr	9.086299526143108	9.144829138329598	10.790585666054255	numnum	6717.0	3283.0	12832.855004593968
1	1000	9	0.006	0.006	300.0	1	4	mu0.00333333333333333	10000	0.6406712176783903	299.3285085038179	20000.0	0.6297589003928568	10000.0	0.6515835349639325	10000.0	min_values	0.4523809523809524	0.4523809523809524	0.4523809523809524	data_size	191.40847891495275	187.17370521488422	195.64325261501787	variance	0.439266624538247	0.42838945629878616	0.4501437927777109	variance2	0.0024334315451018376	0.001571765167877887	0.0030569405852452604	min_time_thr	0.5472897056132813	0.5474806647618714	0.5879210848512596	numnum	5275.0	4725.0	13459.391071638383
1	1000	9	0.006	0.006	300.0	1	4	mu0.016666666666666666	10000	3.38778444902922	59.86570170076331	20000.0	3.299768985664269	10000.0	3.475799912394266	10000.0	min_values	1.7333333333333334	1.7333333333333334	1.7333333333333334	data_size	202.84416487398718	197.15202777691505	208.5363019710582	variance	1.1055432462200276	1.0539427702321038	1.1571437222079255	variance2	0.4799603908395374	0.4549862786273083	0.4894410594690304	min_time_thr	2.201765426267616	2.206350044730814	2.5913364222352078	numnum	5881.0	4119.0	12832.855004593968
1	1000	9	0.006	0.006	300.0	1	4	mu0.016666666666666666	10000	3.0297466657227328	59.86570170076331	20000.0	2.9443776642387194	10000.0	3.115115667206899	10000.0	min_values	1.4444444444444444	1.4444444444444444	1.4444444444444444	data_size	181.49377392574937	176.50393244005946	186.48361541143913	variance	0.9565508967185986	0.9022555664920943	1.010846226945082	variance2	0.41839458728129075	0.3803056389356184	0.4419078027982026	min_time_thr	1.9772518296029482	1.9793958734603132	2.3411447761327207	numnum	5510.0	4490.0	12832.855004593968
