1	0.004	0.004	300.0	0	1000	134.6864827620138	72.51978238464298	2284.0	118.09370721342252	99.11589270484214	1229.0	154.01588669492034	41.53720458035396	1055.0	12697.005954366366
1	0.004	0.004	300.0	0	1000	99.98197354225613	67.43341056452219	2233.0	93.68756260806863	87.17981704623374	1189.0	107.15060821730285	44.944447627017176	1044.0	12675.351980678866
1	0.004	0.004	300.0	0	1000	138.1379662349913	70.28283029620158	2257.0	136.15309121456744	91.84233386230343	1199.0	140.3873661872475	45.850084761460124	1058.0	12651.135851150702
1	0.004	0.004	50.0	0	1000	35.74080083792988	850.2025574721252	3002.0	27.008514016178353	1072.0212658243368	1770.0	48.28637524905013	531.5182118687032	1232.0	12674.780677242234
1	0.004	0.004	50.0	0	1000	25.878128153004223	868.750256188819	3035.0	15.804985228253527	1073.790774321751	1789.0	40.34109179054741	574.3541992547773	1246.0	12675.5027920069
1	0.004	0.004	300.0	0	1000	137.33068941804157	62.42303209882931	2241.0	129.93298509948445	83.29079987037825	1190.0	145.70677708605453	38.79539779992961	1051.0	12674.966593284245
1	0.004	0.004	300.0	0	1000	130.21481971128958	78.3877955220876	2296.0	109.00796212049069	104.49853272735547	1230.0	154.68427077759563	48.26002182370128	1066.0	12679.853128416022
1	0.004	0.004	300.0	0	1000	134.62083256904927	58.976485110865106	2227.0	122.32168593484025	77.04283061695615	1177.0	148.40759027234805	38.72497210070357	1050.0	12684.82343876289
1	0.004	0.004	50.0	0	1000	33.731813410562395	825.6688758405425	3045.0	22.321913951258367	1032.5039655008811	1798.0	50.18329635188467	527.44153726052	1247.0	12675.5027920069
1	0.004	0.004	50.0	0	1000	28.520254750522007	875.2012130610105	3006.0	17.92071892777325	1105.1758837437606	1774.0	43.78289805373342	544.052620698025	1232.0	12674.587983544923
1	0.004	0.004	50.0	0	1000	36.87998447811436	834.0290124947279	3027.0	25.63909930259841	1040.5533236735791	1770.0	52.708438543876866	543.2191232452728	1257.0	12675.5027920069
1	0.004	0.004	50.0	0	1000	35.57769951564885	816.4073452192246	3028.0	29.881894934400794	1018.8591046834508	1791.0	43.824414151878	523.2860022924422	1237.0	12674.966593284245
1	0.004	0.004	50.0	0	1000	24.839219973049428	867.1344635223847	3022.0	17.25474232505018	1073.5698862377806	1780.0	35.70908326889378	571.2769333827694	1242.0	12679.853128416022
1	0.004	0.004	50.0	0	1000	37.235946150762366	856.7029773867879	2998.0	30.24855739007379	1072.7651586479208	1765.0	47.23816931590062	547.4168866115255	1233.0	12675.5027920069
1	0.004	0.004	50.0	0	1000	28.749490010796105	893.5244568772592	3061.0	21.82384648679186	1123.5319404175395	1820.0	38.90635641989151	556.2048597432473	1241.0	12696.842552223054
1	0.004	0.004	50.0	0	1000	85.5821697574909	838.9319712529232	3025.0	23.169468083138856	1054.81139771674	1792.0	176.2906542671733	525.1802014044578	1233.0	12683.437668526067
1	0.004	0.004	50.0	0	1000	25.31067709286168	850.8684710416055	3019.0	20.50448355322713	1059.6035324557156	1779.0	32.20601443722441	551.4009918031371	1240.0	12675.5027920069
1	0.004	0.004	50.0	0	1000	27.842305088130367	849.5755530224086	3030.0	19.78248971122239	1061.174019497042	1789.0	39.46116867337487	544.5395687169168	1241.0	12689.801099613233
1	0.004	0.004	50.0	0	1000	24.83923736696459	853.0018153452729	3058.0	15.963300603848252	1084.3760653947604	1809.0	37.69477748263893	517.888910349657	1249.0	12679.853128416022
1	0.004	0.004	50.0	0	1000	38.24627556203407	843.0000496763404	2995.0	30.83643330812218	1038.8318251339572	1754.0	48.71917106031103	566.2160576113429	1241.0	12683.437668526067
1	0.004	0.004	50.0	0	1000	26.113086787585658	906.1535011346668	3066.0	15.74708034341447	1142.864489512761	1818.0	41.21356732885433	561.3293209492706	1248.0	12674.587983544923
1	0.004	0.004	50.0	0	1000	39.29480517366159	843.4721343361306	3010.0	30.525640901399015	1037.5137878326245	1782.0	52.020090786994	561.8905166400785	1228.0	12674.780677242234
1	0.004	0.004	50.0	0	1000	32.250199891144206	827.4783860841474	3027.0	17.582015192714465	1034.7065946081798	1785.0	53.331286595409125	529.6504052343921	1242.0	12675.351980678866
1	0.004	0.004	50.0	0	1000	19.366292396900004	5.225419377632969	2000.0	16.243165741358865	5.948517686579749	1000.0	22.48941905244197	4.502321068686189	1000.0	12654.052774227626
1	0.004	0.004	50.0	0	1000	19.139586346940476	5.449469992856311	2000.0	16.21015093128273	6.042893886304552	1000.0	22.06902176259885	4.856046099408069	1000.0	12656.901777076628
1	0.004	0.004	50.0	0	1000	20.02559280534506	5.0897284361055855	2000.0	16.827173389308342	5.821023967806836	1000.0	23.224012221382655	4.358432904404335	1000.0	12654.052774227626
1	0.004	0.004	50.0	0	1000	19.72738415506232	5.144305509158481	2000.0	16.654569567487762	5.8350470049873495	1000.0	22.800198742637654	4.453564013329613	1000.0	12662.184056014483
1	0.004	0.004	50.0	0	1000	21.138138188071864	4.87670688638263	2000.0	17.406067733259466	5.612292661420579	1000.0	24.870208642884922	4.141121111344681	1000.0	12656.901777076628
1	0.004	0.004	50.0	0	1000	20.044577902743697	5.075545894768175	2000.0	16.829485158285774	5.719878604024086	1000.0	23.259670647202476	4.431213185512265	1000.0	12654.052774227626
1	0.004	0.004	50.0	0	1000	18.93496327445637	5.49650161326813	2000.0	15.7195582487382	6.252892085448224	1000.0	22.15036830017533	4.740111141088037	1000.0	12662.745206767757
1	0.004	0.004	50.0	0	1000	19.40135333314289	5.346314324130917	2000.0	16.2355263392894	6.051834119522378	1000.0	22.56718032699711	4.640794528739456	1000.0	12656.901777076628
1	0.004	0.004	50.0	0	1000	20.545678125981695	5.090523110834956	2000.0	16.655510835513063	5.851674559769555	1000.0	24.435845416450977	4.329371661900355	1000.0	12656.901777076628
1	0.004	0.004	50.0	0	1000	18.998950279857578	5.500228569232029	2000.0	15.842011815212704	6.207141295546962	1000.0	22.15588874450324	4.793315842917096	1000.0	12654.052774227626
15	0.004	0.004	50.0	0	1000	19.81703281781936	5.165376471119272	2000.0	16.419765150570587	5.862793743387036	1000.0	23.214300485068943	4.467959198851506	1000.0	12719.85234266249
100	0.004	0.004	50.0	0	1000	19.83631774836709	5.182240295588958	2000.0	16.529629238973875	5.890592015117139	1000.0	23.14300625776113	4.473888576060772	1000.0	12728.675676460467
1	0.004	0.004	50.0	0	1000	23.238959115337742	821.4333151462325	3057.0	20.009939494682097	1009.2904052922531	1812.0	27.938544298171088	548.0220321385301	1245.0	12699.663669529573
1	0.004	0.004	50.0	0	1000	20.20516500843182	5.08376800015481	2000.0	16.485060602204406	5.843864750444582	1000.0	23.9252694146599	4.323671249865038	1000.0	12656.901777076628
1	0.004	0.004	50.0	0	1000	32.37920962289632	870.16430115422	3017.0	23.182738814378332	1086.7002380108677	1774.0	45.50434173416784	561.1258844336296	1243.0	12693.897414919147
1	0.004	0.004	50.0	0	1000	34.4672657829667	826.3423746358204	3035.0	18.678204244874205	1019.2081407026599	1781.0	56.891762273670835	552.4237706764565	1254.0	12674.966593284245
1	0.004	0.004	50.0	0	1000	38.49620664553169	810.5225055797092	2984.0	24.391502395741032	1035.606435713464	1770.0	59.06072602125657	482.3523603270364	1214.0	12695.294607259075
1	0.004	0.004	50.0	0	1000	33.35309448580626	864.3677986371007	3005.0	21.58648008387091	1087.079867615912	1762.0	50.03272004993359	548.6649301409878	1243.0	12674.587983544923
1	0.004	0.004	50.0	0	1000	28.87512440723434	831.9069118476838	2984.0	19.07163791930633	1054.3365744890991	1759.0	42.952130719287524	512.516073818093	1225.0	12001.00852043727
1	0.004	0.004	50.0	0	1000	22.552997592824415	806.0431075455422	3023.0	15.636990136337975	991.5972271554709	1789.0	32.579527041490415	537.034744512997	1234.0	11577.357495281503
1	0.004	0.004	50.0	0	1000	25.67197253872841	827.3677746831519	3050.0	17.499888402749455	1024.693506987345	1799.0	37.42383453762998	543.603592097028	1251.0	11673.50182598314
1	0.004	0.004	50.0	0	1000	29.422289597015734	804.6977819794133	3028.0	21.963070714040576	1018.2285623288104	1784.0	40.11943307549453	498.47679151050295	1244.0	11763.125927029832
1	0.004	0.004	50.0	0	1000	29.151980222711842	840.5615644467824	3031.0	16.772893967658074	1060.6607075741592	1800.0	47.25299992953301	518.7269116204003	1231.0	11665.14071495722
1	0.004	0.004	50.0	0	1000	37.00587249520882	817.5495456388609	2973.0	27.474430017510556	1021.9503554345167	1747.0	50.58778930478387	526.2867277652808	1226.0	11622.667237347889
1	0.004	0.004	50.0	0	1000	22.587582796404895	847.6240823602445	3033.0	16.73450657963279	1050.1757506730648	1797.0	31.09727370379905	553.1375548860227	1236.0	11736.360796478832
1	0.004	0.004	50.0	0	1000	79.22761076649648	827.4544476217836	3048.0	21.267081338354945	1043.498620630123	1793.0	162.03496476223944	518.7953223596685	1255.0	11477.785354827616
1	0.004	0.004	50.0	0	1000	35.40507197323818	837.6304122098505	3027.0	24.087204791317447	1060.7087266277088	1780.0	51.56048783836977	519.2026658876489	1247.0	11624.588882389073
1	0.004	0.004	50.0	0	1000	30.239167746225384	846.9418324337998	3006.0	19.74452278968175	1072.1038141856145	1775.0	45.37157619290699	522.2769115487722	1231.0	11586.44668916269
1	0.004	0.004	50.0	0	1000	20.911862098584795	826.6825901321789	3057.0	12.415699163707517	1033.0041015885145	1797.0	33.02900876046919	532.4288154599294	1260.0	11530.895720909573
1	0.004	0.004	50.0	0	1000	32.75106286092842	855.029866657289	3031.0	23.30337461935434	1063.3566254238574	1800.0	46.565716666641976	550.4090983552375	1231.0	12028.353840167134
1	0.004	0.004	50.0	0	1000	32.84303767773403	843.4578411171339	3016.0	23.195088652190144	1059.9258755134324	1773.0	46.60475418802298	534.69048392917	1243.0	11606.69182799596
1	0.004	0.004	50.0	0	1000	20.6286713228271	846.3872371501207	3050.0	14.150189280881564	1043.0149063420406	1800.0	29.95768546322852	563.2433935137543	1250.0	11548.856610652094
1	0.004	0.004	50.0	0	1000	22.537404169271117	841.4560233216711	3025.0	14.72852066480432	1049.9136501937403	1793.0	33.90211855523617	538.0757270703597	1232.0	11816.459260363166
1	0.004	0.004	50.0	0	1000	27.68807264827142	850.2765662848144	3040.0	20.966916685748675	1050.682876341199	1800.0	37.444589368062445	559.3641807190951	1240.0	11661.116105195979
1	0.004	0.004	50.0	0	1000	23.021415092900614	851.6977599042257	3051.0	16.509244181849503	1067.5546202224639	1800.0	32.39144518074348	541.1123493743862	1251.0	11733.469871573936
1	0.004	0.004	50.0	0	1000	45.27372228313116	800.6698508524387	2995.0	27.603050431507633	1008.3488332231373	1760.0	70.45621820123415	504.70628083427624	1235.0	11536.716703378394
1	0.004	0.004	50.0	0	1000	25.260690450851207	807.5949301340295	3039.0	19.864767653564606	1011.6704204061731	1802.0	33.12120207632418	510.30791843604953	1237.0	11555.023103791147
1	0.004	0.004	50.0	0	1000	41.03655204777394	830.9633631781187	3005.0	30.382049645814515	1041.52396551289	1781.0	56.53954941533121	524.5839246501544	1224.0	11951.843875747782
1	0.004	0.004	50.0	0	1000	27.651991028190526	856.9090028885375	3011.0	18.47544289727611	1076.01805800148	1772.0	40.77615833083838	543.5423800797143	1239.0	11532.249722134562
1	0.004	0.004	50.0	0	1000	24.33982715298594	875.0478768846577	3036.0	13.292708141333609	1098.1432871937109	1794.0	40.29677683648355	552.7989508826905	1242.0	12136.452428981398
1	0.004	0.004	50.0	0	1000	38.44467979575032	795.9878840514598	2997.0	29.832643666411624	996.0823898744698	1762.0	50.73164956084714	510.5089210877817	1235.0	11513.471490133315
1	0.004	0.004	50.0	0	1000	19.524932705569416	5.561100630914171	2000.0	15.467516206775512	6.312985737960091	1000.0	23.582349204363922	4.809215523868252	1000.0	10540.09562399953
1	0.004	0.004	50.0	0	1000	19.3497726032036	5.506968025316035	2000.0	15.70655348162753	6.288255799920024	1000.0	22.992991724780254	4.725680250712046	1000.0	10542.385186289092
1	0.004	0.004	50.0	0	1000	18.83161242675098	5.506389745767695	2000.0	15.877447755101457	6.177106616362411	1000.0	21.785777098401194	4.835672875172979	1000.0	10538.883502787408
1	0.004	0.004	50.0	0	1000	22.317136445137624	5.380981462080567	2000.0	16.32372921674931	5.945855791781891	1000.0	28.31054367352663	4.816107132379244	1000.0	10539.336222931492
1	0.004	0.004	50.0	0	1000	22.59649870302137	5.23904945767598	2000.0	16.54036008571752	5.8367072242813665	1000.0	28.652637320325855	4.641391691070594	1000.0	10539.336222931492
1	0.004	0.004	50.0	0	1000	19.833736763531025	5.168418149901861	2000.0	16.629594461851283	5.8592249186120275	1000.0	23.037879065211566	4.477611381191693	1000.0	10538.161388022741
1	0.004	0.004	50.0	0	1000	21.41773966919701	5.5122163896202565	2000.0	15.384631658274733	6.2518553882294094	1000.0	27.45084768011989	4.772577391011104	1000.0	10540.09562399953
1	0.004	0.004	50.0	0	1000	18.875032649096987	5.5229367561141025	2000.0	16.18053893623104	6.052027375172908	1000.0	21.569526361963714	4.993846137055297	1000.0	10539.53618344009
1	0.004	0.004	50.0	0	1000	19.749767340433728	5.134481462934724	2000.0	15.595936449798833	5.798818756630075	1000.0	23.903598231069406	4.470144169239375	1000.0	10545.348149252055
1	0.004	0.004	50.0	0	1000	19.68097479435918	5.306751559195308	2000.0	16.5492360953614	5.8065786294359185	1000.0	22.812713493357695	4.806924488954698	1000.0	10538.883502787408
1	0.004	0.004	50.0	0	1000	22.292424206822094	5.101446748341393	2000.0	16.954376644809145	5.669314815867486	1000.0	27.6304717688356	4.533578680815299	1000.0	10545.348149252055
1	0.004	0.004	50.0	0	1000	26.85109224863192	5.255039170767625	2000.0	16.121816690316358	6.023894308044046	1000.0	37.58036780694811	4.486184033491205	1000.0	10537.968694325431
1	0.004	0.004	50.0	0	1000	19.944492248413276	5.231009720257279	2000.0	15.759889326611253	6.076616634058222	1000.0	24.129095170215972	4.3854028064563355	1000.0	10545.348149252055
1	0.004	0.004	50.0	0	1000	28.78791879949623	4.996070658614352	2000.0	17.260751159130265	5.577161353254703	1000.0	40.31508643986274	4.414979963974002	1000.0	10541.731858269004
1	0.004	0.004	50.0	0	1000	23.854756375170844	5.126349659817303	2000.0	15.661751592438291	5.844978729313369	1000.0	32.04776115790407	4.407720590321238	1000.0	10539.53618344009
1	0.004	0.004	50.0	0	1000	20.147207974333	5.018885295786171	2000.0	17.179210034329117	5.519807026912024	1000.0	23.11520591433771	4.5179635646603185	1000.0	10545.348149252055
1	0.004	0.004	50.0	0	1000	23.24722476419646	5.281751672404746	2000.0	16.682727865452843	5.889951360687946	1000.0	29.811721662940702	4.673551984121547	1000.0	10541.7925936965
1	0.004	0.004	50.0	0	1000	19.55831926806189	5.212184346836239	2000.0	16.74892048992955	5.778037762326334	1000.0	22.367718046194803	4.646330931346145	1000.0	10542.385186289092
1	0.004	0.004	50.0	0	1000	24.924482254051032	5.33520765808492	2000.0	16.010940406429253	6.059045183211751	1000.0	33.83802410167333	4.611370132958091	1000.0	10539.53618344009
1	0.004	0.004	50.0	0	1000	20.446604874792786	5.354605345559346	2000.0	16.22074812400065	6.0420341731105145	1000.0	24.67246162558569	4.667176518008176	1000.0	10536.539260363166
1	0.004	0.004	50.0	0	1000	23.762002971079383	5.121383329895037	2000.0	16.74000244343183	5.797357979841036	1000.0	30.78400349872745	4.44540867994904	1000.0	10541.731858269004
1	0.004	0.004	50.0	0	1000	30.48573720053365	4.878221466159915	2000.0	17.275658001720476	5.4976285101710385	1000.0	43.69581639934759	4.258814422148791	1000.0	10542.385186289092
1	0.004	0.004	50.0	0	1000	19.75287212352158	5.18822691529346	2000.0	16.439767113273806	5.813734745347323	1000.0	23.065977133770065	4.562719085239596	1000.0	10543.731987635894
1	0.004	0.004	50.0	0	1000	23.886982099495015	5.1991869043850185	2000.0	16.322729892932916	5.985299868362278	1000.0	31.451234306057703	4.4130739404077595	1000.0	10542.385186289092
1	0.004	0.004	50.0	0	1000	22.589915493590627	5.378809062580584	2000.0	15.926977076354014	6.009674914712275	1000.0	29.252853910828016	4.7479432104488914	1000.0	10545.348149252055
1	0.004	0.004	50.0	0	1000	23.495530493880292	4.901878346482891	2000.0	17.482450165244646	5.449860500521789	1000.0	29.50861082251653	4.353896192443994	1000.0	10542.385186289092
1	0.004	0.004	50.0	0	1000	23.865359450135475	5.121061070872685	2000.0	16.324574308020015	5.952486752801836	1000.0	31.406144592251398	4.289635388943532	1000.0	10540.09562399953
1	0.004	0.004	50.0	0	1000	21.857319901856545	5.371886472000865	2000.0	16.00133312291697	6.010106934507479	1000.0	27.713306680796865	4.733666009494251	1000.0	10547.56526537544
1	0.004	0.004	50.0	0	1000	18.872295404730334	5.2352182653080135	2000.0	14.872573535203884	5.99962276325386	1000.0	22.872017274257484	4.470813767362167	1000.0	10542.385186289092
1	0.004	0.004	50.0	0	1000	23.52850868999615	5.0907602498266575	2000.0	16.600503921684528	5.695172359885301	1000.0	30.456513458308304	4.486348139768015	1000.0	10539.53618344009
1	0.004	0.004	50.0	0	1000	19.378207937662857	5.458144355525471	2000.0	15.682445728617111	6.151550720699422	1000.0	23.073970146709286	4.764737990351519	1000.0	10538.883502787408
1	0.004	0.004	50.0	0	1000	23.194658043176073	4.990476798337287	2000.0	16.92798147942811	5.659993338777829	1000.0	29.46133460692474	4.320960257896744	1000.0	10542.385186289092
1	0.004	0.004	50.0	0	1000	26.112548222304053	5.071354214678808	2000.0	16.445318481277635	5.791462545153117	1000.0	35.779777963331135	4.351245884204499	1000.0	10546.434342269687
1	0.004	0.004	50.0	0	1000	21.3426279750154	5.130405844372144	2000.0	16.518852839626987	5.809532370708144	1000.0	26.16640311040431	4.4512793180361445	1000.0	10539.53618344009
1	0.004	0.004	50.0	0	1000	20.44251141931814	5.282202141976144	2000.0	16.434430631847945	5.904311205772001	1000.0	24.45059220678897	4.660093078180285	1000.0	10545.348149252055
1	0.004	0.004	50.0	0	1000	25.76506113185887	5.225154473634775	2000.0	16.39355706773749	5.793657992152736	1000.0	35.13656519598082	4.656650955116815	1000.0	10540.641584236853
1	0.004	0.004	50.0	0	1000	55.37423060974702	5.003084547688727	2000.0	16.728354949069256	5.76623149217661	1000.0	94.020106270424	4.239937603200844	1000.0	10542.999521135458
1	0.004	0.004	50.0	0	1000	17.6558472262251	5.09484742807124	2000.0	16.966057929995873	5.688553147646886	1000.0	18.345636522455255	4.501141708495596	1000.0	10547.42986396701
1	0.004	0.004	50.0	0	1000	52.43347688472534	5.0672524028750034	2000.0	16.640513007147117	5.7495085705773326	1000.0	88.226440762304	4.3849962351726735	1000.0	10548.766952670858
1	0.004	0.004	50.0	0	1000	269.469159639466	5.315538283804598	2000.0	16.466961338979416	5.9322648806721245	1000.0	522.4713579399512	4.698811686937072	1000.0	10539.53618344009
1	0.004	0.004	50.0	0	1000	419.59200164621217	5.153154501875395	2000.0	16.243848914020365	5.8667098679365735	1000.0	822.9401543784033	4.439599135814216	1000.0	10543.24100758951
1	0.004	0.004	50.0	0	1000	19.765881796635153	5.200282478157752	2000.0	16.39419025973376	5.87799683015526	1000.0	23.13757333353729	4.522568126160244	1000.0	10542.385186289092
1	0.004	0.004	50.0	0	1000	269.10129480788356	5.389115722094419	2000.0	15.654815731997534	6.1378455594936785	1000.0	522.5477738837691	4.640385884695161	1000.0	10542.385186289092
1	0.004	0.004	50.0	0	1000	20.092087916511712	5.221197010358387	2000.0	15.912795232482368	6.035319089647552	1000.0	24.271380600541583	4.407074931069222	1000.0	10538.883502787408
1	0.004	0.004	50.0	0	1000	-31.03398432383047	5.178959737763007	2000.0	16.1982300136548	5.9426632586758785	1000.0	-78.26619866131641	4.4152562168501355	1000.0	10548.766952670858
1	0.004	0.004	50.0	0	1000	19.749242784851265	5.248869829097475	2000.0	16.485278358447847	5.979293829636916	1000.0	23.013207211255285	4.518445828558035	1000.0	10543.731987635894
1	0.004	0.004	50.0	0	1000	19.412953258218618	5.38049055434746	2000.0	15.508504920519107	6.237867521828475	1000.0	23.317401595918724	4.523113586866446	1000.0	10548.766952670858
1	0.004	0.004	50.0	0	1000	20.106965025046033	5.126244344462845	2000.0	16.117306528619665	5.937875299646597	1000.0	24.096623521473006	4.314613389279091	1000.0	10545.348149252055
1	0.004	0.004	50.0	0	1000	20.246799136223892	5.151076430752807	2000.0	16.320747710173553	6.03509740806783	1000.0	24.17285056227493	4.267055453437784	1000.0	10540.09562399953
1	0.004	0.004	50.0	0	1000	20.274157845279934	5.200591636275326	2000.0	16.71972261410031	5.833764558758363	1000.0	23.828593076460155	4.567418713792289	1000.0	10540.09562399953
1	0.004	0.004	50.0	0	1000	19.5287287716	5.215735073381596	2000.0	16.48593607394871	5.871801837868714	1000.0	22.571521469251955	4.559668308894479	1000.0	10538.883502787408
1	0.004	0.004	50.0	0	1000	20.11636952554824	5.2034336089275675	2000.0	16.107840700079354	5.982731774456968	1000.0	24.124898351017812	4.424135443398167	1000.0	10542.385186289092
1	0.004	0.004	50.0	0	1000	19.75515670432464	5.121208533479416	2000.0	16.31307824049535	5.897556178406452	1000.0	23.197235168154652	4.344860888552381	1000.0	10542.385186289092
1	0.004	0.004	50.0	0	1000	19.589697758791434	5.265251840202506	2000.0	15.95284556395041	5.966940293508622	1000.0	23.226549953633143	4.563563386896391	1000.0	10542.385186289092
1	0.004	0.004	50.0	0	1000	20.167860802404036	5.150994641389526	2000.0	16.17233343595793	5.966383624292115	1000.0	24.163388168850727	4.335605658486936	1000.0	10542.385186289092
1	0.004	0.004	50.0	0	1000	20.891195681435246	4.852485671795779	2000.0	17.234636094285232	5.530024553409816	1000.0	24.547755268585842	4.1749467901817425	1000.0	10554.920798824705
1	0.004	0.004	50.0	0	1000	20.792191758312114	4.96367403348981	2000.0	16.79349160782637	5.700657681044148	1000.0	24.790891908798415	4.226690385935473	1000.0	10542.385186289092
1	0.004	0.004	50.0	0	1000	19.559930038362722	5.34259635038072	2000.0	15.960501308478522	6.186136516832512	1000.0	23.159358768247476	4.499056183928929	1000.0	10541.7925936965
1	0.004	0.004	50.0	0	1000	19.9399815824422	5.131730716207596	2000.0	16.494596892407642	5.808399080776999	1000.0	23.38536627247746	4.455062351638193	1000.0	10540.641584236853
1	0.004	0.004	50.0	0	1000	20.259184658100665	5.195980311924952	2000.0	16.320166924225546	6.021111445789977	1000.0	24.198202391976427	4.370849178059927	1000.0	10541.7925936965
1	0.004	0.004	50.0	0	1000	-29.677367673262115	5.180940117928102	2000.0	-83.27144158925985	5.89092188305554	1000.0	23.91670624273552	4.470958352800662	1000.0	10551.843875747782
1	0.004	0.004	50.0	0	1000	20.66095000025956	4.981993612534011	2000.0	17.015739491013353	5.70484807364721	1000.0	24.306160509506398	4.259139151420812	1000.0	10541.7925936965
1	0.004	0.004	50.0	0	1000	19.7815172087891	5.187607613946036	2000.0	16.043169600171097	6.046295887086173	1000.0	23.519864817407708	4.3289193408059	1000.0	10547.42986396701
1	0.004	0.004	50.0	0	1000	20.025821162081087	5.162889327081281	2000.0	15.9314972403884	6.052689336940198	1000.0	24.120145083774382	4.2730893172223645	1000.0	10545.348149252055
1	0.004	0.004	50.0	0	1000	20.117380985802686	5.166284446965734	2000.0	16.592640037169655	5.81101401131545	1000.0	23.642121934436393	4.521554882616018	1000.0	10542.385186289092
1	0.004	0.004	50.0	0	1000	20.430269242633617	5.084032311745183	2000.0	16.089452519453154	5.957917741745941	1000.0	24.771085965814706	4.210146881744426	1000.0	10547.42986396701
1	0.004	0.004	50.0	0	1000	19.95108411589184	5.2266227135216745	2000.0	16.36410974662837	5.93118986381516	1000.0	23.538058485155904	4.5220555632281885	1000.0	10541.766933425313
1	0.004	0.004	50.0	0	1000	20.182351635500122	5.20769177482789	2000.0	16.14587947228805	6.108181463647475	1000.0	24.218823798712812	4.307202086008305	1000.0	10542.385186289092
1	0.004	0.004	50.0	0	1000	19.19149601433996	5.2878852302647585	2000.0	16.330361804133833	5.798596850421884	1000.0	22.052630224546817	4.777173610107633	1000.0	10543.731987635894
1	0.004	0.004	50.0	0	1000	19.958740664813654	5.1528673508535565	2000.0	15.957440907737597	5.994804893377146	1000.0	23.960040421890398	4.310929808329967	1000.0	10542.385186289092
1	0.004	0.004	300.0	0	1000	19.916906533768252	5.349161588752339	2000.0	16.014767564871875	6.127462097411819	1000.0	23.819045502665247	4.570861080092858	1000.0	10541.731858269004
1	0.004	0.004	50.0	0	1000	20.63041243322563	4.969874004488678	2000.0	16.838231238902168	5.716951766812023	1000.0	24.42259362754974	4.222796242165334	1000.0	10541.766933425313
1	0.004	0.004	50.0	0	1000	19.12874609652394	5.318979053141787	2000.0	16.288428912745236	6.025689935441677	1000.0	21.96906328030352	4.612268170841896	1000.0	10538.883502787408
1	0.004	0.004	50.0	0	1000	20.978201161089967	4.969945051544428	2000.0	16.451951591160253	5.849581999589625	1000.0	25.504450731020246	4.090308103499232	1000.0	10542.385186289092
1	0.004	0.004	50.0	0	1000	19.93064065384732	5.2457493544822436	2000.0	15.985887994864992	6.061383964739476	1000.0	23.875393312830177	4.430114744225011	1000.0	10542.999521135458
1	0.004	0.004	50.0	0	1000	20.087666305049225	5.109018166807866	2000.0	16.46455472106424	5.794457761704884	1000.0	23.710777889034908	4.4235785719108485	1000.0	10538.161388022741
1	0.004	0.004	50.0	0	1000	20.05363858561849	5.106575826589897	2000.0	16.44232439102123	5.8179497202552355	1000.0	23.66495278021638	4.395201932924559	1000.0	10539.53618344009
1	0.004	0.004	50.0	0	1000	19.59691602758646	5.235427252127572	2000.0	16.446135009410327	5.9422110376131405	1000.0	22.74769704576327	4.528643466642003	1000.0	10546.434342269687
1	0.004	0.004	50.0	0	1000	20.15350238611169	5.082200125343531	2000.0	16.385897726716056	5.871485957189457	1000.0	23.92110704550803	4.292914293497605	1000.0	10540.09562399953
1	0.004	0.004	50.0	0	1000	19.730141937461248	5.188710738814847	2000.0	16.098732796439094	6.001346829912354	1000.0	23.361551078484098	4.376074647717339	1000.0	10541.7925936965
1	0.004	0.004	50.0	0	1000	20.99763319163063	4.974003060078383	2000.0	16.67413376325904	5.809367968203327	1000.0	25.321132620002764	4.1386381519534385	1000.0	10548.766952670858
1	0.004	0.004	50.0	0	1000	19.935326803427863	5.146161293497494	2000.0	16.499178592194962	5.838015076779482	1000.0	23.371475014661407	4.454307510215505	1000.0	10542.385186289092
1	0.004	0.004	50.0	0	1000	19.612117837944286	5.157807551626348	2000.0	16.398568103558507	5.923631977739007	1000.0	22.825667572330794	4.391983125513689	1000.0	10545.348149252055
1	0.004	0.004	50.0	0	1000	19.72309485269792	5.26645719315283	2000.0	16.4260351252754	5.906079817789705	1000.0	23.020154580121115	4.626834568515955	1000.0	10538.883502787408
1	0.004	0.004	50.0	0	1000	20.006762257914033	5.03778096507309	2000.0	16.48134284810341	5.79025080417973	1000.0	23.53218166772541	4.285311125966449	1000.0	10542.385186289092
1	0.004	0.004	50.0	0	1000	20.185688002786257	5.230674208263476	2000.0	16.242724419337026	6.008475594936785	1000.0	24.128651586236096	4.4528728215901685	1000.0	10540.09562399953
1	0.004	0.004	50.0	0	1000	20.289562738709797	5.103656579963874	2000.0	16.543852335228404	5.939893178140725	1000.0	24.035273142191897	4.267419981787023	1000.0	10538.883502787408
1	0.004	0.004	50.0	0	1000	20.45037694170558	5.1644183147154115	2000.0	15.704276266334622	6.157925893919035	1000.0	25.196477617077115	4.1709107355117885	1000.0	10541.7925936965
1	0.004	0.004	50.0	0	1000	19.709996366301937	5.1805160053092605	2000.0	15.814957963415885	6.01015752482537	1000.0	23.6050347691886	4.350874485793151	1000.0	10547.42986396701
1	0.004	0.004	50.0	0	1000	19.477770929734437	5.385883211192094	2000.0	15.908167415312528	6.117455144865249	1000.0	23.047374444157008	4.654311277518938	1000.0	10547.42986396701
1	0.004	0.004	50.0	0	1000	19.995551877821917	5.2382218088084755	2000.0	16.085726319838994	6.107416855976955	1000.0	23.905377435805445	4.369026761639996	1000.0	10542.999521135458
1	0.004	0.004	50.0	0	1000	20.323221548667775	5.201632772311032	2000.0	16.396269882778196	6.060638901595341	1000.0	24.250173214557904	4.342626643026723	1000.0	10542.385186289092
1	0.004	0.004	50.0	0	1000	20.717461136736336	5.13338232964156	2000.0	16.462154604687704	5.935369028475372	1000.0	24.9727676687857	4.331395630807749	1000.0	10541.731858269004
1	0.004	0.004	50.0	0	1000	20.36702993710315	5.135182494640572	2000.0	16.327531631904865	5.891752278112903	1000.0	24.406528242302045	4.378612711168242	1000.0	10539.53618344009
1	0.004	0.004	50.0	0	1000	20.768857459853187	5.036824025246255	2000.0	16.443066195502375	5.7889565455971965	1000.0	25.09464872420467	4.284691504895313	1000.0	10542.385186289092
1	0.004	0.004	50.0	0	1000	19.660358386592833	5.2449769700678255	2000.0	15.915431457294789	6.111900051288759	1000.0	23.405285315891483	4.378053888846891	1000.0	10547.46493912332
1	0.004	0.004	50.0	0	1000	19.83224892851915	5.3996679152850735	2000.0	15.67660955339412	6.1898048143205	1000.0	23.987888303644745	4.609531016249648	1000.0	10547.42986396701
1	0.004	0.004	50.0	0	1000	19.949528168850588	5.146532667099208	2000.0	16.495789123555355	5.780201586418674	1000.0	23.40326721414648	4.5128637477797415	1000.0	10543.731987635894
1	0.004	0.004	50.0	0	1000	-29.591792894381538	5.166833958111189	2000.0	-83.99832312383633	5.974396653650611	1000.0	24.814737335073865	4.359271262571767	1000.0	10542.385186289092
1	0.004	0.004	50.0	0	1000	19.21091262413352	5.158390095387391	2000.0	16.49524544156169	5.876836777136626	1000.0	21.926579806706048	4.439943413638155	1000.0	10547.42986396701
1	0.004	0.004	50.0	0	1000	20.473541620539823	5.0300842394979055	2000.0	16.827879738949694	5.758898111955961	1000.0	24.11920350213062	4.30127036703985	1000.0	10539.53618344009
1	0.004	0.004	50.0	0	1000	20.21834591944767	5.052445125326006	2000.0	16.07828487027038	5.9806054410683025	1000.0	24.35840696862554	4.124284809583709	1000.0	10548.766952670858
1	0.004	0.004	50.0	0	1000	20.041700942050486	5.185560642477674	2000.0	15.85228357108798	6.114905964019048	1000.0	24.2311183130136	4.256215320936301	1000.0	10539.53618344009
1	0.004	0.004	50.0	0	1000	20.494098846710045	5.1246492348055925	2000.0	16.3657571671957	5.881351123942162	1000.0	24.62244052622504	4.367947345669023	1000.0	10542.999521135458
1	0.004	0.004	50.0	0	1000	20.16648851450108	5.0580506936140415	2000.0	16.7899495306188	5.775367298477491	1000.0	23.543027498384077	4.340734088750592	1000.0	10538.161388022741
1	0.004	0.004	50.0	0	1000	19.957813033955855	5.198913590519876	2000.0	15.72461674754926	6.1384111348833015	1000.0	24.19100932036309	4.25941604615645	1000.0	10538.161388022741
1	0.004	0.004	50.0	0	1000	21.07563905029699	4.9379241030923104	2000.0	16.638271986078333	5.87492191734659	1000.0	25.513006114516273	4.000926288838031	1000.0	10537.968694325431
1	0.004	0.004	50.0	0	1000	20.11441315461772	5.073183192384746	2000.0	16.325884845944127	5.883862834483512	1000.0	23.902941463291977	4.262503550285979	1000.0	10548.766952670858
1	0.004	0.004	50.0	0	1000	20.015904616819505	5.057305800379471	2000.0	16.352312659358123	5.807489641906173	1000.0	23.67949657428152	4.307121958852767	1000.0	10541.760465355736
1	0.004	0.004	50.0	0	1000	-129.9244255841047	5.121171511393433	2000.0	-283.38508896983063	5.79063293585539	1000.0	23.536237801620825	4.451710086931475	1000.0	10541.760465355736
1	0.004	0.004	50.0	0	1000	19.834074959032385	5.150302991845122	2000.0	16.137074600858394	5.8729285639524	1000.0	23.531075317207115	4.427677419737844	1000.0	10541.7925936965
1	0.004	0.004	50.0	0	1000	19.834918390280226	5.262306324907737	2000.0	16.091630856091832	6.118856399563736	1000.0	23.578205924469287	4.405756250251738	1000.0	10541.7925936965
1	0.014	0.014	50.0	0	1000	11.112385124077496	10.814587784813865	2000.0	9.628411411605768	11.746305629018503	1000.0	12.596358836549204	9.882869940609226	1000.0	3024.800525779538
1	0.014	0.014	50.0	0	1000	12.05429270098516	9.029796200480748	2000.0	9.790430793483418	10.084475182762995	1000.0	14.318154608486926	7.975117218198471	1000.0	3022.724623840027
1	0.004	0.004	50.0	0	1000	19.90960652811272	5.031094991254081	2000.0	16.663987025391492	5.703392460370293	1000.0	23.155226030834644	4.358797522137869	1000.0	10539.336222931492
1	0.004	0.004	50.0	0	1000	20.199603395729234	5.199922312853502	2000.0	16.46869602243207	6.027189345553048	1000.0	23.930510769027048	4.372655280153957	1000.0	10541.731858269004
1	0.004	0.004	50.0	0	1000	19.71053213293971	5.251590983636448	2000.0	15.79301454489064	6.1138504716180195	1000.0	23.628049720989463	4.389331495654877	1000.0	10539.336222931492
1	0.004	0.004	50.0	0	1000	-29.265701790114857	5.059313880134379	2000.0	-83.59754720191854	6.014710197348316	1000.0	25.066143621688624	4.103917562920442	1000.0	10540.09562399953
1	0.004	0.004	50.0	0	1000	18.97833409721998	5.495605350831356	2000.0	15.73541299118951	6.226987575622865	1000.0	22.221255203251054	4.764223126039847	1000.0	10541.731858269004
1	0.004	0.004	50.0	0	1000	20.08956862130396	5.008992093603812	2000.0	16.606041212217015	5.764745278847115	1000.0	23.57309603039163	4.253238908360508	1000.0	10539.336222931492
1	0.004	0.004	50.0	0	1000	20.018577133994313	5.1196227601492446	2000.0	16.192615572373228	5.9526217613883095	1000.0	23.844538695616073	4.2866237589101805	1000.0	10541.7925936965
1	0.004	0.004	50.0	0	1000	19.460314785609587	5.45412790850237	2000.0	15.766792128565486	6.320410737233305	1000.0	23.153837442654332	4.587845079771434	1000.0	10538.883502787408
1	0.004	0.004	50.0	0	1000	20.575104805111025	5.038213303781158	2000.0	16.561869655911206	5.840044350340046	1000.0	24.588339954311557	4.236382257222271	1000.0	10541.760465355736
1	0.004	0.004	50.0	0	1000	20.136997354302196	5.18631289974799	2000.0	15.962841486780047	6.062261842685599	1000.0	24.311153221824902	4.310363956810381	1000.0	10540.09562399953
1	0.004	0.004	50.0	0	1000	19.356285914437088	5.2771481159127696	2000.0	15.971281079200125	6.129863911736156	1000.0	22.741290749674764	4.424432320089383	1000.0	10541.731858269004
1	0.004	0.004	50.0	0	1000	19.47152628521117	5.1996716349773315	2000.0	15.882965877562121	6.008806648675911	1000.0	23.060086692860835	4.390536621278752	1000.0	10539.336222931492
2	0.004	0.004	50.0	0	1000	19.662766273269284	5.306304403222162	2000.0	16.0078066968092	6.080632109768387	1000.0	23.317725849730145	4.5319766966759385	1000.0	10710.364004539442
1	0.004	0.004	50.0	0	1000	20.018448278575004	5.18241510244668	2000.0	16.112835860651458	5.9924009767547215	1000.0	23.924060696499268	4.372429228138639	1000.0	10539.336222931492
1	0.004	0.004	50.0	0	1000	20.43647946802955	5.093763160984591	2000.0	16.423492004192102	5.93293138920011	1000.0	24.449466931867615	4.254594932769073	1000.0	10541.731858269004
1	0.004	0.004	50.0	0	1000	19.910477601462457	5.2120619064565545	2000.0	15.752657354531706	6.173179635677576	1000.0	24.068297848393826	4.250944177235533	1000.0	10540.09562399953
1	0.004	0.004	50.0	0	10000	20.099534061951072	5.144110802772448	20000.0	16.24880081098246	5.962474997790828	10000.0	23.950267312918278	4.325746607754107	10000.0	19124.548324896765
1	0.004	0.004	50.0	0	10000	19.95119302861783	5.148310390992222	20000.0	16.179475289379248	5.9661508535921906	10000.0	23.722910767854845	4.330469928392342	10000.0	19127.457415805853
1	0.004	0.004	50.0	0	100000	15.500348024358267	5.30141013316061	200000.0	10.978929864780449	6.094208770033423	100000.0	20.021766183935338	4.5086114962949635	100000.0	96778.55291481224
1	0.004	0.004	50.0	0	100000	11.787602085311505	5.08168892429858	200000.0	9.39203501912912	5.891853429162194	100000.0	14.183169151491903	4.271524419442486	100000.0	96775.76404523129
1	0.004	0.004	50.0	0	100000	-4.488102797653236	5.28414029545983	200000.0	-13.99425987558258	6.123751330744391	100000.0	5.018054280268763	4.4445292601822075	100000.0	96775.70391196324
1	0.004	0.004	50.0	0	100000	11.085660532692986	5.1553851232557895	200000.0	4.294585730420759	5.954125941376848	100000.0	17.876735334964334	4.356644305142172	100000.0	96781.4620509293
1	0.004	0.004	50.0	0	100000	16.95805727460237	5.162509281479338	200000.0	10.300892779167746	5.9405189349034755	100000.0	23.615221770036253	4.384499628062748	100000.0	96775.70391196324
1	0.004	0.004	50.0	0	100000	20.263789590121313	5.097514856777831	200000.0	16.41722704026306	5.897550502518814	100000.0	24.110352139978513	4.297479211044356	100000.0	96781.4620509293
1	0.004	0.004	50.0	0	100000	20.248429068396966	5.07778722151649	200000.0	16.412915911724124	5.88304826543524	100000.0	24.083942225068533	4.272526177605457	100000.0	96775.70391196324
1	0.004	0.004	50.0	0	100000	28.235475835887236	3.3075254065101127	200000.0	22.839931399709965	3.8215335379912325	100000.0	33.63102027206382	2.793517275035293	100000.0	96778.55291481224
1	0.004	0.004	50.0	0	100000	27.754028492152795	3.362085378313774	200000.0	22.671009899745812	3.8669161102885883	100000.0	32.83704708455917	2.8572546463468593	100000.0	96775.70391196324
1	0.004	0.004	300.0	0	100000	19.33457950807109	25.25386540679039	200000.0	16.620801285640592	27.872398675363478	100000.0	22.04835773050116	22.635332138207996	100000.0	96802.72389259814
1	0.004	0.004	300.0	0	100000	19.188928206867484	25.454187314255204	200000.0	16.48167638916039	28.089223090324435	100000.0	21.896180024574576	22.819151538174314	100000.0	96802.25661851595
1	0.004	0.004	300.0	0	10000	20.727550958172046	24.590526594626123	20000.0	17.350636410202924	27.40768590096001	10000.0	24.104465506141267	21.773367288295056	10000.0	min_values	1.5335516032606589	7.54716981132151	1.5592354570074691	15.384615384615245	1.5335516032606589	7.54716981132151	19143.807550557565
1	0.004	0.004	300.0	0	10000	20.36519509830817	25.478903709272423	20000.0	16.72058838382748	28.705526712893754	10000.0	24.009801812788655	22.25228070565385	10000.0	min_values	1.1984080425833743	7.54716981132151	1.2352840301080983	15.384615384615245	1.1984080425833743	7.54716981132151	19145.006820031067
1	0.004	0.004	300.0	0	10000	19.151178857171118	26.446592159276193	20000.0	16.07341582354323	29.53356977222744	10000.0	22.228941890798886	23.359614546327595	10000.0	min_values	2.583915103723275	7.54716981132151	2.7302153983504547	15.384615384615245	2.583915103723275	7.54716981132151	19152.019718802254
1	0.004	0.004	300.0	0	10000	19.129202679367435	26.97033558537692	20000.0	16.01724581819942	29.88098669547832	10000.0	22.241159540535644	24.059684475277912	10000.0	min_values	1.509859592092795	7.54716981132151	1.509859592092795	15.384615384615245	1.6131427727443155	7.54716981132151	max_values	52.9999999999947	264.92529642810405	26.000000000000238	264.92529642810405	52.9999999999947	247.96317273238674	19139.649648932995
1	0.004	0.004	300.0	0	10000	19.810933672870014	25.812985247982763	20000.0	16.58754380518047	28.834191264859133	10000.0	23.034323540559537	22.791779231108865	10000.0	min_values	1.5085710965695747	7.54716981132151	1.5085710965695747	15.384615384615245	1.5243507404193004	7.54716981132151	max_values	52.9999999999947	265.1515735052744	26.000000000000238	265.1515735052744	52.9999999999947	262.4068000845873	19147.791411844162
1	0.004	0.004	300.0	0	10000	19.834146368078997	25.43989197706266	20000.0	16.832886569363307	28.28634067184127	10000.0	22.835406166794478	22.59344328228666	10000.0	min_values	1.7753552674974935	7.54716981132151	1.7753552674974935	15.384615384615245	2.2074498994524743	7.54716981132151	max_values	52.9999999999947	225.30701731819136	26.000000000000238	225.30701731819136	52.9999999999947	181.20456554833436	19137.508697857138
1	0.004	0.004	300.0	0	10000	19.925472522592415	25.023033627056893	20000.0	16.764611854400915	28.10674502188998	10000.0	23.086333190783666	21.93932223222609	10000.0	min_values	2.8964101816926484	7.54716981132151	2.8964101816926484	15.384615384615245	3.5624195168248316	7.54716981132151	max_values	52.9999999999947	138.10198656539797	26.000000000000238	138.10198656539797	52.9999999999947	112.28323843131147	19142.666036333063
1	0.004	0.004	300.0	0	10000	19.326348473530413	26.476225006657263	20000.0	16.087900061732203	29.539280169648155	10000.0	22.564796885328334	23.413169843669806	10000.0	min_values	1.8810854450287327	7.54716981132151	1.9920259845126307	15.384615384615245	1.8810854450287327	7.54716981132151	max_values	52.9999999999947	212.6431848468692	26.000000000000238	200.80059352130593	52.9999999999947	212.6431848468692	19176.28144033419
1	0.004	0.004	300.0	0	10000	20.456921683406744	24.046690681878605	20000.0	17.693314101526447	26.47165921925715	10000.0	23.220529265287105	21.621722144503444	10000.0	min_values	2.3920782287727476	7.54716981132151	3.500000000000016	15.384615384615245	2.3920782287727476	7.54716981132151	max_values	52.9999999999947	167.2186114938304	26.000000000000238	114.28571428571377	52.9999999999947	167.2186114938304	19133.61928924874
1	0.004	0.004	50.0	0	10000	19.37370931318734	25.625016740974587	20000.0	16.068942923987898	28.335241230286275	10000.0	22.678475702386784	22.914792251664956	10000.0	min_values	2.676024355030621	7.54716981132151	3.3011596245004378	15.384615384615245	2.676024355030621	7.54716981132151	max_values	52.9999999999947	149.47547067277083	26.000000000000238	121.16954206979062	52.9999999999947	149.47547067277083	19150.745881886043
1	0.004	0.004	300.0	0	10000	20.029365209228143	25.97157469447453	20000.0	16.54800871666268	29.313347328612885	10000.0	23.510721701793294	22.629802060339333	10000.0	min_values	2.0053227340971747	7.54716981132151	2.1050395082383195	15.384615384615245	2.0053227340971747	7.54716981132151	max_values	52.9999999999947	199.46913940517697	26.000000000000238	190.02018652597872	52.9999999999947	199.46913940517697	19137.508697857138
1	0.004	0.004	300.0	0	10000	19.621245137941624	26.139622672171136	20000.0	16.24799610256308	29.3576079695062	10000.0	22.994494173320064	22.921637374838667	10000.0	min_values	1.7302886046054873	7.54716981132151	1.7302886046054873	15.384615384615245	2.1099203046663515	7.54716981132151	max_values	52.9999999999947	231.17530736509798	26.000000000000238	231.17530736509798	52.9999999999947	189.58062023259845	19134.288833818508
1	0.004	0.004	300.0	0	10000	19.926286981146543	25.219313939377678	20000.0	16.6997093287178	28.121208303200202	10000.0	23.152864633575415	22.31741957555823	10000.0	min_values	1.2908827430212684	7.54716981132151	1.4496662296586316	15.384615384615245	1.2908827430212684	7.54716981132151	max_values	52.9999999999947	309.86547938801414	26.000000000000238	275.9255832938816	52.9999999999947	309.86547938801414	19142.192718514336
1	0.004	0.004	300.0	0	10000	20.057786815214108	25.511255206149876	20000.0	16.52107077735573	28.913667121662805	10000.0	23.59450285307234	22.108843290640127	10000.0	min_values	2.819807584009808	2.799689111056068	2.819807584009808	2.799689111056068	2.983722902850348	4.093717558112985	max_values	142.8730062993017	141.8536506775381	142.8730062993017	141.8536506775381	97.71069799558462	134.06070638056917	19140.806626965015
1	0.004	0.004	300.0	0	10000	20.806017090538	24.199373512927266	20000.0	17.283784659093268	27.30105562258858	10000.0	24.328249521982936	21.097691403269152	10000.0	min_values	1.5723186409371497	1.9016258236788417	1.5723186409371497	1.9016258236788417	1.6781310857323695	7.54716981132151	max_values	210.34632314056884	254.40135961346095	210.34632314056884	254.40135961346095	52.9999999999947	238.36040187851722	19147.381150981128
1	0.004	0.004	300.0	0	10000	19.888570298697804	25.967643389484095	20000.0	16.43095683129802	29.119622139139416	10000.0	23.346183766097717	22.815664639831724	10000.0	min_values	1.2238127460013242	7.54716981132151	1.3583170265670976	15.384615384615245	1.2238127460013242	7.54716981132151	max_values	52.9999999999947	326.84738846441724	26.000000000000238	294.48206285901324	52.9999999999947	326.84738846441724	19166.878840434347
1	0.004	0.004	300.0	0	10000	17.193468787131252	54.95036325901026	20000.0	12.426130456554429	70.61241702576913	10000.0	21.960807117708317	39.288309492245254	10000.0	min_values	0.6117579717857963	2.7251401509711286	0.6117579717857963	2.7251401509711286	0.611820942398668	7.54716981132151	max_values	146.78144162877507	653.8533512401173	146.78144162877507	653.8533512401173	52.9999999999947	653.7860545142248	19136.597674699453
1	0.004	0.004	300.0	0	10000	19.774583110926194	25.009866484976534	20000.0	16.580533425392456	27.967372961470602	10000.0	22.968632796460042	22.052360008486982	10000.0	min_values	2.733886668894415	7.54716981132151	3.1060781892461007	15.384615384615245	2.733886668894415	7.54716981132151	max_values	52.9999999999947	146.31184406841567	26.000000000000238	128.779758791934	52.9999999999947	146.31184406841567	19142.192718514332
1	0.004	0.004	300.0	0	10000	19.511041343297276	27.60809895172001	20000.0	16.119094320523317	30.717614223610745	10000.0	22.902988366070932	24.498583679830162	10000.0	min_values	1.2743382571873167	7.54716981132151	1.2743382571873167	15.384615384615245	1.296777957560811	7.54716981132151	max_values	52.9999999999947	313.8884026623109	26.000000000000238	313.8884026623109	52.9999999999947	308.4568161170664	19139.649648932995
1	0.004	0.004	300.0	0	10000	19.719699150824237	25.950267347888964	20000.0	16.680586015378076	28.68796498748944	10000.0	22.758812286270135	23.21256970829189	10000.0	min_values	1.7432799387829887	7.54716981132151	1.7878433185662737	15.384615384615245	1.7432799387829887	7.54716981132151	max_values	52.9999999999947	229.45253432976824	26.000000000000238	223.73325215140903	52.9999999999947	229.45253432976824	19143.02295606943
1	0.004	0.004	300.0	0	10000	20.396671288063484	25.010551444352437	20000.0	16.831543975049662	28.13574961140519	10000.0	23.961798601077177	21.88535327730224	10000.0	min_values	2.2500000000000053	7.54716981132151	2.287419272878261	15.384615384615245	2.2500000000000053	7.54716981132151	max_values	52.9999999999947	177.77777777777737	26.000000000000238	174.8695592201948	52.9999999999947	177.77777777777737	19137.508697857138
1	0.004	0.004	300.0	0	10000	21.024368020984298	23.45130826777283	20000.0	17.8399125042458	25.94387325001311	10000.0	24.208823537723035	20.95874328553539	10000.0	min_values	3.305659994599748	7.54716981132151	3.305659994599748	15.384615384615245	3.500000000000016	7.54716981132151	max_values	52.9999999999947	121.00458022103157	26.000000000000238	121.00458022103157	52.9999999999947	114.28571428571377	19143.751502701256
1	0.004	0.004	300.0	0	10000	29.37883180070014	14.34412449240261	20000.0	25.827498584523656	15.548882795455702	10000.0	32.93016501687652	13.139366189342834	10000.0	min_values	10.490999178239754	7.54716981132151	13.01859547313982	15.384615384615245	10.490999178239754	7.54716981132151	max_values	52.9999999999947	38.12792215537229	26.000000000000238	30.72528068218162	52.9999999999947	38.12792215537229	19132.796633369846
1	0.004	0.004	300.0	0	8	10000	22.784373088602823	21.723523062311088	20000.0	19.425162311460994	24.18334777284231	10000.0	26.143583865744635	19.263698351779766	10000.0	min_values	1.2426122062367122	7.54716981132151	1.2712779015817646	15.384615384615245	1.2426122062367122	7.54716981132151	max_values	52.9999999999947	321.9025195410013	26.000000000000238	314.6440282666026	52.9999999999947	321.9025195410013	19132.796633369846
1	0.004	0.004	300.0	0	8	10000	21.262276697255224	22.866086788411952	20000.0	18.134466148802154	25.382265112543664	10000.0	24.390087245708123	20.34990846428303	10000.0	min_values	1.4532005679691289	7.54716981132151	1.4532005679691289	15.384615384615245	1.4692096743645404	7.54716981132151	max_values	52.9999999999947	275.2545029341727	26.000000000000238	275.2545029341727	52.9999999999947	272.25521787624166	19141.264605317356
1	0.004	0.004	300.0	0	8	10000	29.158482209665603	14.52875171103205	20000.0	25.622739597641875	15.785676145713794	10000.0	32.694224821689275	13.271827276343565	10000.0	min_values	6.5000000000000595	7.54716981132151	6.5000000000000595	15.384615384615245	7.263005155753531	7.54716981132151	max_values	52.9999999999947	61.53846153846098	26.000000000000238	61.53846153846098	52.9999999999947	55.07362192674918	19132.796633369846
1	0.004	0.004	300.0	0	8	10000	8.435935702783418	54.16470623337774	20000.0	8.085900281571186	55.506631962520956	10000.0	8.78597112399565	52.822780504224625	10000.0	min_values	2.645638108913257	7.54716981132151	2.6687610945746965	15.384615384615245	2.645638108913257	7.54716981132151	max_values	52.9999999999947	151.19225817483675	26.000000000000238	149.88228088799588	52.9999999999947	151.19225817483675	19166.568526916966
1	0.004	0.004	300.0	0	8	10000	9.69290347843077	47.16783491889096	20000.0	9.344452047788874	48.14254076983814	10000.0	10.041354909072492	46.193129067929476	10000.0	min_values	3.2846301102215794	7.54716981132151	3.2846301102215794	15.384615384615245	3.2846301102215794	7.54716981132151	max_values	52.9999999999947	121.77931352307314	26.000000000000238	121.77931352307314	52.9999999999947	121.77931352307314	19159.98484266173
1	0.004	0.004	300.0	0	8	10000	10.410987030139548	44.75369634502492	20000.0	9.723414992335805	46.619137325274686	10000.0	11.09855906794304	42.888255364766636	10000.0	min_values	2.888712394700394	7.54716981132151	2.888712394700394	15.384615384615245	3.0996118567495685	7.54716981132151	max_values	52.9999999999947	138.46999816729294	26.000000000000238	138.46999816729294	52.9999999999947	129.04841589406715	19166.568526916966
1	0.004	0.004	300.0	0	8	10000	10.121952704841341	44.8161640600037	20000.0	9.563375054631255	46.24506160129755	10000.0	10.680530355051484	43.38726651869746	10000.0	min_values	3.500000000000016	7.54716981132151	3.500000000000016	15.384615384615245	3.5999999999999934	7.54716981132151	max_values	52.9999999999947	114.28571428571377	26.000000000000238	114.28571428571377	52.9999999999947	111.11111111111131	19168.44632633707
