1	1000	9	0.006	0.006	300.0	1	4	mu0.016666666666666666	10000	3.061970975407487	59.86570170076331	20000.0	2.9644417386215096	10000.0	3.1595002121935916	10000.0	min_values	1.4444444444444444	1.4444444444444444	1.4444444444444444	data_size	183.63608257807667	177.88479092903256	189.3873742271194	variance	0.9752202072834524	0.9130377482930552	1.0374026662738216	variance2	0.4662390452835933	0.43273448777620577	0.48071969873486814	min_time_thr	1.9964311854222456	1.9981489871830895	2.3622320595431026	numnum	5359.0	4641.0	12832.855004593968
1	1000	9	0.006	0.006	300.0	1	4	mu0.016666666666666666	10000	3.3860831960402096	59.86570170076331	20000.0	3.2785142898416963	10000.0	3.493652102238786	10000.0	min_values	1.75	1.75	1.7857142857142858	data_size	203.07416045169816	196.67756553361357	209.47075536978292	variance	1.0992047747128582	1.0192165204625954	1.1791930289631198	variance2	0.5158078225550143	0.43142184543531736	0.5770516605132381	min_time_thr	2.184366972115451	2.1901482083124533	2.661170963463336	numnum	5469.0	4531.0	12832.855004593968
1	1000	9	0.006	0.006	300.0	1	4	mu0.016666666666666666	10000	3.3565395208057716	59.86570170076331	20000.0	3.239103199792117	10000.0	3.4739758418195206	10000.0	min_values	1.625	1.625	1.625	data_size	201.5906338885331	194.58623272444518	208.5950350526218	variance	1.0619601128598994	1.005742407674599	1.1181778180451578	variance2	0.47570061508942946	0.42529829177342515	0.4985203594189503	min_time_thr	2.175237136141572	2.177342567667604	2.6265769596005497	numnum	5202.0	4798.0	12832.855004593968
1	1000	9	0.006	0.006	300.0	1	4	mu0.016666666666666666	10000	3.3582829295550445	59.86570170076331	20000.0	3.2426799691327806	10000.0	3.473885889977339	10000.0	min_values	1.625	1.625	1.625	data_size	201.33150089766204	194.19164157953196	208.4713602157949	variance	1.0889028273800163	1.0375026319673935	1.140303022792604	variance2	0.48716815824261867	0.4562325667218668	0.49137566084653783	min_time_thr	2.1361775892237387	2.1404318630981987	2.6313501705259177	numnum	5252.0	4748.0	12832.855004593968
1	1000	9	0.006	0.006	300.0	1	4	mu0.016666666666666666	10000	3.4132426877345767	59.86570170076331	20000.0	3.3145189030442634	10000.0	3.5119664724250033	10000.0	min_values	1.7333333333333334	1.7333333333333334	1.7857142857142858	data_size	204.79158208690606	198.8020135155151	210.78115065829894	variance	1.0750328852033226	0.9988488437701144	1.1512169266365013	variance2	0.4968818925228191	0.44676959583369563	0.5275014178847574	min_time_thr	2.2558707546783774	2.2581028532241114	2.7015793505112318	numnum	5613.0	4387.0	12832.855004593968
1	1000	9	0.006	0.006	300.0	1	4	mu0.016666666666666666	10000	3.372685298411686	59.86570170076331	20000.0	3.248995129038658	10000.0	3.496375467784751	10000.0	min_values	1.625	1.625	1.7333333333333334	data_size	202.061495067239	194.5116148860773	209.61137524840314	variance	1.072138225806464	1.010628529775352	1.133647921837547	variance2	0.46541554764855275	0.4071229187051453	0.49310966059288786	min_time_thr	2.1651573321938185	2.168548708217799	2.627056441727919	numnum	5246.0	4754.0	12832.855004593968
1	1000	9	0.006	0.006	300.0	1	4	mu0.016666666666666666	10000	3.5373109373309366	59.86570170076331	20000.0	3.3997380627335523	10000.0	3.6748838119283747	10000.0	min_values	1.7333333333333334	1.7333333333333334	1.75	data_size	211.58281131490972	203.5124633820304	219.65315924779023	variance	1.142198710479949	1.0761552848847191	1.2082421360751692	variance2	0.6415616202650818	0.5438330864753879	0.7014375624047907	min_time_thr	2.2460438397532845	2.2491577697508722	2.828407145933318	numnum	4886.0	5114.0	12832.855004593968
1	1000	9	0.006	0.006	300.0	1	8	mu0.016666666666666666	10000	7.392139877528863	59.86570170076331	20000.0	7.185188477892161	10000.0	7.599091277165389	10000.0	min_values	3.375	3.375	3.375	data_size	442.56370944557153	429.1496995130701	455.9777193780712	variance	4.1840735292322515	4.307821601870021	4.060325456594522	variance2	2.1284240153725977	2.1275243244157087	2.04366594270617	min_time_thr	4.787489637856193	4.792706051534045	5.974709176542028	numnum	5453.0	4547.0	12832.855004593968
1	1000	9	0.006	0.006	300.0	1	4	mu0.016666666666666666	10000	3.359257521135208	59.86570170076331	20000.0	3.258145463587571	10000.0	3.460369578682918	10000.0	min_values	1.4285714285714286	1.4285714285714286	1.5	data_size	201.3957472296885	195.0889494063905	207.70254505298632	variance	1.0579988045656394	0.9969564676571158	1.119041141474135	variance2	0.48235652393448	0.43204772067058195	0.5122180308353288	min_time_thr	2.1761119324673412	2.1806462028191924	2.6279398543310144	numnum	5460.0	4540.0	12832.855004593968
1	1000	9	0.006	0.006	300.0	1	4	mu0.016666666666666666	10000	3.0246287645434005	59.86570170076331	20000.0	2.8908316246764625	10000.0	3.158425904410445	10000.0	min_values	1.3636363636363635	1.4444444444444444	1.3636363636363635	data_size	180.93935370362215	173.48451796330522	188.39418944394194	variance	0.9680189504365542	0.9067431380836846	1.0292947627894045	variance2	0.4886142646677913	0.37726041336165606	0.5641647667007375	min_time_thr	1.926543460035612	1.9279200214630494	2.3532890388572	numnum	4927.0	5073.0	12832.855004593968
1	1000	9	0.006	0.006	300.0	1	4	mu0.016666666666666666	10000	3.0365276095876834	59.86570170076331	20000.0	2.917713810827691	10000.0	3.155341408347836	10000.0	min_values	1.1666666666666667	1.1666666666666667	1.3333333333333333	data_size	181.76144291422364	174.8100229263137	188.71286290213405	variance	0.9846013911889259	0.9252719232570659	1.043930859120763	variance2	0.49437744999877803	0.40432571079274154	0.5561957516532082	min_time_thr	1.9296392988598594	1.9312228668328537	2.321717510220581	numnum	5119.0	4881.0	12832.855004593968
1	1000	9	0.0	0.02	300.0	1	4	mu0.016666666666666666	10000	2.1470721509583126	59.6279103001024	10000.0	NaN	0.0	2.1470721509583126	10000.0	min_values	1.3	99999.0	1.3	data_size	127.8034264971846	NaN	127.8034264971846	variance	0.9306947791908892	NaN	0.9306947791908892	variance2	1.2088673108004993	0.0	0.11277521089048091	min_time_thr	1.6283701661093348	1.634857953559171	1.7335206779108705	numnum	7484.0	2516.0	3985.5433824611277
1	1000	9	0.006	0.006	300.0	1	4	mu0.016666666666666666	10000	3.2869590722639535	59.86570170076331	20000.0	3.1659579332223893	10000.0	3.4079602113056366	10000.0	min_values	1.5	1.5	1.5	data_size	196.6349498689279	189.35799426772334	203.9119054701341	variance	1.0201115100309006	0.9532091408468141	1.087013879214974	variance2	0.48962847931126746	0.422977698695452	0.5269967086283233	min_time_thr	2.1166123658932876	2.121237656600624	2.549713300625089	fair_avg	0.9566459843008009	0.9595092021688902	0.9565943099583418	fair_min	0.9463566824768043	0.9462701698833806	0.9477029020731462	numnum	5278.0	4722.0	12832.855004593968
1	1000	9	0.006	0.006	300.0	1	4	mu0.016666666666666666	5000	3.4894285372124907	59.96339650796758	10000.0	3.356135904465401	5000.0	3.6227211699596604	5000.0	min_values	1.7333333333333334	1.7333333333333334	1.9285714285714286	data_size	208.86173077370233	202.95911752576595	214.7643440216382	variance	1.117086741352755	1.066845532915177	1.1673279497903137	variance2	0.520101061124542	0.4391464106821513	0.5655218596775928	min_time_thr	2.196959298458687	2.1987794058916714	2.6943405642594116	fair_avg	0.9590349438501772	0.9624750818121299	0.9586897646190075	fair_min	0.9515269459306052	0.9506229215326794	0.9537058050209972	numnum	2602.0	2398.0	9461.590343687982
1	1000	9	0.006	0.006	300.0	1	4	mu0.016666666666666666	5000	3.548985778765713	59.96339650796758	10000.0	3.39959768387906	5000.0	3.6983738736524576	5000.0	min_values	1.8	1.8	1.8	data_size	212.98619779552672	205.7615225078921	220.2108730831611	variance	1.1653697945419959	1.0799358356328095	1.2508037534511465	variance2	0.5018396195758934	0.41810908206306624	0.5409365513009465	min_time_thr	2.2584585618569295	2.2600530474334355	2.807365366457621	fair_avg	0.9616832658172012	0.9650859255235794	0.9619565276960362	fair_min	0.9535766157533803	0.9542494145052799	0.9545738915771091	numnum	2508.0	2492.0	9461.590343687982
1	1000	9	0.006	0.006	300.0	1	4	mu0.016666666666666666	5000	3.379881561428624	59.96339650796758	10000.0	3.2458372630923167	5000.0	3.5139258597649974	5000.0	min_values	1.5833333333333333	1.5833333333333333	1.5833333333333333	data_size	202.45262712462213	196.72059059395517	208.18466365528798	variance	1.062458758670394	0.9973460068886374	1.127571510452141	variance2	0.512046023310384	0.43233424741406534	0.5558220513737362	min_time_thr	2.151331679410283	2.1522600791412754	2.697651112746299	fair_avg	0.9570994272644677	0.9605814755589109	0.9569246963513892	fair_min	0.9489699422403007	0.9482859438385244	0.9511557708619313	numnum	2491.0	2509.0	9461.590343687982
1	1000	7	0.001	0.001	300.0	1	4	mu0.00333333333333333	5000	4.193072583001854	299.81698253983865	10000.0	4.120011210676532	5000.0	4.266133955327225	5000.0	min_values	2.1666666666666665	2.1666666666666665	2.1666666666666665	data_size	1268.444888559707	1266.3143812276578	1270.5753958917633	variance	1.4246480026738224	1.3719515170186083	1.477344488328989	variance2	0.6005210348014913	0.5579648878507286	0.6324012535001338	min_time_thr	2.8442486480757903	2.8502869000576725	3.3963370882232176	fair_avg	0.9669723613168356	0.9681753173870324	0.9664193302192081	fair_min	0.9537517066338529	0.9532107879399352	0.95500374704587	numnum	2515.0	2485.0	56623.1045374311
1	1000	7	0.001	0.001	300.0	1	4	mu0.016666666666666666	5000	9.983477099311003	59.96339650796745	10000.0	8.494902467428615	5000.0	11.472051731193572	5000.0	min_values	3.25	3.25	3.375	data_size	601.3650429542946	517.3265137935294	685.4035721150558	variance	8.706467291835022	4.496164517645523	12.916770066024693	variance2	25.924279220363918	10.101059100770094	37.315790470589	min_time_thr	4.996402689352478	5.029484871016958	7.460476785647984	fair_avg	0.7935867973502396	0.8772123083425398	0.7790968531442729	fair_min	0.8054966332021971	0.8770391754809895	0.7804698547609764	numnum	2249.0	2751.0	56104.50444220431
1	1000	7	0.001	0.001	300.0	1	4	mu0.016666666666666666	5000	10.583293588199584	59.96339650796745	10000.0	9.199114033709304	5000.0	11.967473142689979	5000.0	min_values	3.5714285714285716	3.5714285714285716	4.5	data_size	638.3773587303082	559.244400864968	717.5103165956533	variance	8.420409473956337	4.306806795910621	12.534012152002157	variance2	21.76233604403057	9.401586073378457	30.291179936543916	min_time_thr	5.657590260037991	5.6907522390764305	8.31306519054487	fair_avg	0.8373133739823598	0.9000100232025655	0.8254227319893048	fair_min	0.8454790868353924	0.9012098438718021	0.8226263423511767	numnum	2363.0	2637.0	56104.50444220431
1	1000	7	0.006	0.006	300.0	75	4	mu0.016666666666666666	5000	3.8094670704885694	59.96339650796758	10000.0	3.6616806331741185	5000.0	3.957253507803088	5000.0	min_values	1.7333333333333334	1.7333333333333334	2.142857142857143	data_size	229.09671292896132	222.02869938601046	236.16472647191054	variance	1.2568552373188464	1.2925691502710532	1.221141324366618	variance2	0.5663214715420911	0.5280491767196344	0.5609121042563537	min_time_thr	2.5239617763796036	2.5276182894941854	3.0600587790529166	fair_avg	0.9624414432160985	0.9621088611677209	0.9654201253607817	fair_min	0.9553137555350827	0.9546183708253189	0.9574295074091246	numnum	2113.0	2887.0	9461.590343687982
